 Tev(Myr)    type      Mo        Mt      log10(L)  log10(R) log10(Teff)  Mc        Menv              epoch      spin                                  
    0.0000    1.0000    2.0000    2.0000    1.4129    0.0503    4.0913    0.0000  1.0000E-10      0.0000  5.0629E+03
   39.4833    1.0000    2.0000    2.0000    1.4224    0.0570    4.0904    0.0000  1.0000E-10      0.0000  4.9662E+03
   78.9667    1.0000    2.0000    2.0000    1.4330    0.0638    4.0896    0.0000  1.0000E-10      0.0000  4.8691E+03
  118.4500    1.0000    2.0000    2.0000    1.4446    0.0709    4.0890    0.0000  1.0000E-10      0.0000  4.7701E+03
  157.9333    1.0000    2.0000    2.0000    1.4572    0.0783    4.0884    0.0000  1.0000E-10      0.0000  4.6677E+03
  197.4167    1.0000    2.0000    2.0000    1.4708    0.0862    4.0879    0.0000  1.0000E-10      0.0000  4.5605E+03
  236.9000    1.0000    2.0000    2.0000    1.4854    0.0946    4.0873    0.0000  1.0000E-10      0.0000  4.4472E+03
  276.3833    1.0000    2.0000    2.0000    1.5011    0.1038    4.0866    0.0000  1.0000E-10      0.0000  4.3267E+03
  315.8667    1.0000    2.0000    2.0000    1.5177    0.1138    4.0858    0.0000  1.0000E-10      0.0000  4.1981E+03
  355.3500    1.0000    2.0000    2.0000    1.5353    0.1248    4.0847    0.0000  1.0000E-10      0.0000  4.0604E+03
  394.8333    1.0000    2.0000    2.0000    1.5540    0.1368    4.0834    0.0000  1.0000E-10      0.0000  3.9127E+03
  434.3167    1.0000    2.0000    2.0000    1.5737    0.1501    4.0816    0.0000  1.0000E-10      0.0000  3.7543E+03
  473.8000    1.0000    2.0000    2.0000    1.5943    0.1649    4.0794    0.0000  1.0000E-10      0.0000  3.5840E+03
  513.2833    1.0000    2.0000    2.0000    1.6160    0.1815    4.0765    0.0000  1.0000E-10      0.0000  3.4003E+03
  552.7667    1.0000    2.0000    2.0000    1.6387    0.2002    4.0728    0.0000  1.0000E-10      0.0000  3.2009E+03
  592.2500    1.0000    2.0000    2.0000    1.6624    0.2219    4.0679    0.0000  1.0000E-10      0.0000  2.9824E+03
  631.7333    1.0000    2.0000    2.0000    1.6871    0.2474    4.0614    0.0000  1.0000E-10      0.0000  2.7400E+03
  671.2167    1.0000    2.0000    2.0000    1.7129    0.2783    4.0523    0.0000  1.0000E-10      0.0000  2.4676E+03
  710.7000    1.0000    2.0000    2.0000    1.7396    0.3169    4.0397    0.0000  1.0000E-10      0.0000  2.1586E+03
  743.4979    1.0000    2.0000    2.0000    1.7626    0.3573    4.0252    0.0000  1.0000E-10      0.0000  1.8708E+03
  770.0317    1.0000    2.0000    2.0000    1.7817    0.3975    4.0099    0.0000  1.0000E-10      0.0000  1.6177E+03
  784.5967    1.0000    2.0000    2.0000    1.8028    0.4189    4.0045    0.0000  1.0000E-10      0.0000  1.4953E+03
  787.3855    1.0000    2.0000    2.0000    1.8355    0.3955    4.0244    0.0000  1.0000E-10      0.0000  1.6298E+03
  789.1366    1.0000    2.0000    2.0000    1.8665    0.3575    4.0512    0.0000  1.0000E-10      0.0000  1.8699E+03
  789.6666    2.0000    2.0000    2.0000    1.8774    0.3413    4.0620    0.2682  1.0000E-10      0.0000  2.2871E+03
  790.0906    2.0000    2.0000    2.0000    1.8747    0.3747    4.0446    0.2688  1.0000E-10     -0.0073  2.0299E+03
  790.5146    2.0000    2.0000    2.0000    1.8720    0.4080    4.0273    0.2693  1.0000E-10     -0.0152  1.7979E+03
  790.9387    2.0000    2.0000    2.0000    1.8693    0.4414    4.0099    0.2699  1.0000E-10     -0.0236  1.5892E+03
  791.3627    2.0000    2.0000    2.0000    1.8666    0.4748    3.9925    0.2704  1.0000E-10     -0.0327  1.4021E+03
  791.7867    2.0000    2.0000    2.0000    1.8640    0.5081    3.9752    0.2710  1.0000E-10     -0.0424  1.2350E+03
  792.2107    2.0000    1.9999    1.9999    1.8613    0.5415    3.9578    0.2715  1.0000E-10     -0.0529  1.0859E+03
  792.6348    2.0000    1.9999    1.9999    1.8586    0.5749    3.9405    0.2720  1.0000E-10     -0.0641  9.5346E+02
  793.0588    2.0000    1.9999    1.9999    1.8559    0.6082    3.9231    0.2726  1.0000E-10     -0.0762  8.3597E+02
  793.4828    2.0000    1.9999    1.9999    1.8532    0.6416    3.9058    0.2731  1.0000E-10     -0.0892  7.3201E+02
  793.9069    2.0000    1.9999    1.9999    1.8505    0.6749    3.8884    0.2737  1.0000E-10     -0.1031  6.4021E+02
  794.3310    2.0000    1.9999    1.9999    1.8478    0.7083    3.8711    0.2742  1.0000E-10     -0.1180  5.5931E+02
  794.7551    2.0000    1.9999    1.9999    1.8451    0.7417    3.8537    0.2748  1.0000E-10     -0.1341  4.8813E+02
  795.1791    2.0000    1.9999    1.9999    1.8424    0.7750    3.8363    0.2753  1.0000E-10     -0.1513  4.2562E+02
  795.6033    2.0000    1.9998    1.9998    1.8397    0.8084    3.8190    0.2758  1.0000E-10     -0.1698  3.7079E+02
  796.0273    2.0000    1.9998    1.9998    1.8370    0.8418    3.8016    0.2764  5.8702E-06     -0.1897  3.2131E+02
  796.4515    2.0000    1.9998    1.9998    1.8343    0.8751    3.7843    0.2769  1.0211E-03     -0.2111  2.5470E+02
  796.8757    2.0000    1.9998    1.9998    1.8316    0.9085    3.7669    0.2775  1.3253E-02     -0.2340  1.6444E+02
  797.2998    2.0000    1.9998    1.9998    1.8289    0.9418    3.7496    0.2780  7.5814E-02     -0.2587  8.8348E+01
  797.7240    2.0000    1.9997    1.9997    1.8262    0.9752    3.7322    0.2785  2.8853E-01     -0.2851  4.4179E+01
  798.1482    2.0000    1.9997    1.9997    1.8235    1.0085    3.7149    0.2791  8.5987E-01     -0.3135  2.2242E+01
  798.1484    2.0000    1.9997    1.9997    1.8235    1.0085    3.7149    0.2791  8.6031E-01     -0.3135  2.2235E+01
  798.1485    3.0000    1.9997    1.9997    1.8235    1.0085    3.7149    0.2791  8.6031E-01     -0.3135  2.2235E+01
  798.2523    3.0000    1.9997    1.9997    1.8287    1.0116    3.7147    0.2802  8.7018E-01     -0.3135  2.1916E+01
  798.3549    3.0000    1.9997    1.9997    1.8339    1.0146    3.7145    0.2812  8.8009E-01     -0.3135  2.1603E+01
  798.4566    3.0000    1.9997    1.9997    1.8392    1.0176    3.7143    0.2823  8.9006E-01     -0.3135  2.1294E+01
  798.5573    3.0000    1.9997    1.9997    1.8444    1.0206    3.7141    0.2833  9.0008E-01     -0.3135  2.0990E+01
  798.6570    3.0000    1.9997    1.9997    1.8497    1.0236    3.7139    0.2843  9.1015E-01     -0.3135  2.0691E+01
  798.7556    3.0000    1.9997    1.9997    1.8549    1.0266    3.7137    0.2854  9.2027E-01     -0.3135  2.0396E+01
  798.8533    3.0000    1.9997    1.9997    1.8601    1.0296    3.7135    0.2864  9.3045E-01     -0.3135  2.0105E+01
  798.9500    3.0000    1.9997    1.9996    1.8654    1.0326    3.7133    0.2874  9.4067E-01     -0.3135  1.9819E+01
  799.0457    3.0000    1.9997    1.9996    1.8706    1.0356    3.7131    0.2884  9.5094E-01     -0.3135  1.9537E+01
  799.1405    3.0000    1.9997    1.9996    1.8758    1.0387    3.7129    0.2893  9.6125E-01     -0.3135  1.9260E+01
  799.2344    3.0000    1.9997    1.9996    1.8811    1.0417    3.7127    0.2903  9.7161E-01     -0.3135  1.8986E+01
  799.3273    3.0000    1.9997    1.9996    1.8863    1.0447    3.7125    0.2913  9.8202E-01     -0.3135  1.8717E+01
  799.4192    3.0000    1.9997    1.9996    1.8916    1.0477    3.7123    0.2922  9.9246E-01     -0.3135  1.8451E+01
  799.5103    3.0000    1.9997    1.9996    1.8968    1.0507    3.7121    0.2932  1.0029E+00     -0.3135  1.8190E+01
  799.6004    3.0000    1.9997    1.9996    1.9020    1.0537    3.7119    0.2941  1.0135E+00     -0.3135  1.7932E+01
  799.6896    3.0000    1.9997    1.9996    1.9073    1.0568    3.7117    0.2950  1.0240E+00     -0.3135  1.7679E+01
  799.7780    3.0000    1.9997    1.9996    1.9125    1.0598    3.7115    0.2959  1.0346E+00     -0.3135  1.7429E+01
  799.8654    3.0000    1.9997    1.9996    1.9177    1.0628    3.7113    0.2968  1.0453E+00     -0.3135  1.7183E+01
  799.9520    3.0000    1.9997    1.9996    1.9230    1.0658    3.7111    0.2977  1.0560E+00     -0.3135  1.6940E+01
  800.0377    3.0000    1.9997    1.9995    1.9282    1.0688    3.7109    0.2986  1.0667E+00     -0.3135  1.6701E+01
  800.1226    3.0000    1.9997    1.9995    1.9335    1.0719    3.7107    0.2995  1.0774E+00     -0.3135  1.6466E+01
  800.2066    3.0000    1.9997    1.9995    1.9387    1.0749    3.7105    0.3004  1.0881E+00     -0.3135  1.6234E+01
  800.2897    3.0000    1.9997    1.9995    1.9439    1.0779    3.7103    0.3012  1.0989E+00     -0.3135  1.6005E+01
  800.3721    3.0000    1.9997    1.9995    1.9492    1.0809    3.7101    0.3021  1.1097E+00     -0.3135  1.5780E+01
  800.4536    3.0000    1.9997    1.9995    1.9544    1.0840    3.7099    0.3029  1.1206E+00     -0.3135  1.5558E+01
  800.5343    3.0000    1.9997    1.9995    1.9596    1.0870    3.7097    0.3037  1.1314E+00     -0.3135  1.5339E+01
  800.6142    3.0000    1.9997    1.9995    1.9649    1.0900    3.7095    0.3046  1.1423E+00     -0.3135  1.5124E+01
  800.6933    3.0000    1.9997    1.9995    1.9701    1.0931    3.7093    0.3054  1.1531E+00     -0.3135  1.4911E+01
  800.7716    3.0000    1.9997    1.9995    1.9754    1.0961    3.7091    0.3062  1.1640E+00     -0.3135  1.4702E+01
  800.8491    3.0000    1.9997    1.9995    1.9806    1.0991    3.7089    0.3070  1.1749E+00     -0.3135  1.4496E+01
  800.9258    3.0000    1.9997    1.9995    1.9858    1.1022    3.7086    0.3078  1.1858E+00     -0.3135  1.4293E+01
  801.0018    3.0000    1.9997    1.9994    1.9911    1.1052    3.7084    0.3086  1.1967E+00     -0.3135  1.4093E+01
  801.0770    3.0000    1.9997    1.9994    1.9963    1.1082    3.7082    0.3094  1.2077E+00     -0.3135  1.3896E+01
  801.1515    3.0000    1.9997    1.9994    2.0015    1.1113    3.7080    0.3101  1.2186E+00     -0.3135  1.3701E+01
  801.2252    3.0000    1.9997    1.9994    2.0068    1.1143    3.7078    0.3109  1.2295E+00     -0.3135  1.3510E+01
  801.2982    3.0000    1.9997    1.9994    2.0120    1.1174    3.7076    0.3116  1.2403E+00     -0.3135  1.3321E+01
  801.3705    3.0000    1.9997    1.9994    2.0173    1.1204    3.7074    0.3124  1.2512E+00     -0.3135  1.3135E+01
  801.4420    3.0000    1.9997    1.9994    2.0225    1.1234    3.7072    0.3131  1.2621E+00     -0.3135  1.2952E+01
  801.5128    3.0000    1.9997    1.9994    2.0277    1.1265    3.7070    0.3139  1.2729E+00     -0.3135  1.2771E+01
  801.5829    3.0000    1.9997    1.9994    2.0330    1.1295    3.7068    0.3146  1.2837E+00     -0.3135  1.2593E+01
  801.6523    3.0000    1.9997    1.9994    2.0382    1.1326    3.7065    0.3153  1.2945E+00     -0.3135  1.2417E+01
  801.7210    3.0000    1.9997    1.9993    2.0434    1.1356    3.7063    0.3160  1.3053E+00     -0.3135  1.2245E+01
  801.7891    3.0000    1.9997    1.9993    2.0487    1.1387    3.7061    0.3167  1.3160E+00     -0.3135  1.2074E+01
  801.8564    3.0000    1.9997    1.9993    2.0539    1.1417    3.7059    0.3174  1.3267E+00     -0.3135  1.1906E+01
  801.9231    3.0000    1.9997    1.9993    2.0592    1.1447    3.7057    0.3181  1.3373E+00     -0.3135  1.1740E+01
  801.9891    3.0000    1.9997    1.9993    2.0644    1.1478    3.7055    0.3188  1.3479E+00     -0.3135  1.1577E+01
  802.0544    3.0000    1.9997    1.9993    2.0696    1.1508    3.7053    0.3195  1.3584E+00     -0.3135  1.1416E+01
  802.1191    3.0000    1.9997    1.9993    2.0749    1.1539    3.7050    0.3201  1.3688E+00     -0.3135  1.1258E+01
  802.1832    3.0000    1.9997    1.9993    2.0801    1.1569    3.7048    0.3208  1.3792E+00     -0.3135  1.1101E+01
  802.2466    3.0000    1.9997    1.9993    2.0853    1.1600    3.7046    0.3214  1.3896E+00     -0.3135  1.0947E+01
  802.3093    3.0000    1.9997    1.9992    2.0906    1.1631    3.7044    0.3221  1.3998E+00     -0.3135  1.0796E+01
  802.3715    3.0000    1.9997    1.9992    2.0958    1.1661    3.7042    0.3227  1.4100E+00     -0.3135  1.0646E+01
  802.4330    3.0000    1.9997    1.9992    2.1011    1.1692    3.7040    0.3234  1.4201E+00     -0.3135  1.0498E+01
  802.4939    3.0000    1.9997    1.9992    2.1063    1.1722    3.7037    0.3240  1.4301E+00     -0.3135  1.0353E+01
  802.5542    3.0000    1.9997    1.9992    2.1115    1.1753    3.7035    0.3246  1.4399E+00     -0.3135  1.0209E+01
  802.6139    3.0000    1.9997    1.9992    2.1168    1.1783    3.7033    0.3252  1.4497E+00     -0.3135  1.0068E+01
  802.6730    3.0000    1.9997    1.9992    2.1220    1.1814    3.7031    0.3258  1.4594E+00     -0.3135  9.9288E+00
  802.7315    3.0000    1.9997    1.9992    2.1273    1.1845    3.7028    0.3264  1.4689E+00     -0.3135  9.7914E+00
  802.7894    3.0000    1.9997    1.9992    2.1325    1.1875    3.7026    0.3270  1.4784E+00     -0.3135  9.6560E+00
  802.8467    3.0000    1.9997    1.9991    2.1377    1.1906    3.7024    0.3276  1.4876E+00     -0.3135  9.5225E+00
  802.9035    3.0000    1.9997    1.9991    2.1430    1.1937    3.7022    0.3282  1.4968E+00     -0.3135  9.3909E+00
  802.9597    3.0000    1.9997    1.9991    2.1482    1.1967    3.7020    0.3288  1.5058E+00     -0.3135  9.2612E+00
  803.0154    3.0000    1.9997    1.9991    2.1534    1.1998    3.7017    0.3294  1.5146E+00     -0.3135  9.1333E+00
  803.0704    3.0000    1.9997    1.9991    2.1587    1.2029    3.7015    0.3299  1.5233E+00     -0.3135  9.0072E+00
  803.1250    3.0000    1.9997    1.9991    2.1639    1.2059    3.7013    0.3305  1.5318E+00     -0.3135  8.8828E+00
  803.1790    3.0000    1.9997    1.9991    2.1692    1.2090    3.7011    0.3311  1.5401E+00     -0.3135  8.7603E+00
  803.2324    3.0000    1.9997    1.9991    2.1744    1.2121    3.7008    0.3316  1.5482E+00     -0.3135  8.6394E+00
  803.2853    3.0000    1.9997    1.9990    2.1796    1.2151    3.7006    0.3322  1.5561E+00     -0.3135  8.5203E+00
  803.3377    3.0000    1.9997    1.9990    2.1849    1.2182    3.7004    0.3327  1.5638E+00     -0.3135  8.4028E+00
  803.3895    3.0000    1.9997    1.9990    2.1901    1.2213    3.7001    0.3332  1.5712E+00     -0.3135  8.2870E+00
  803.4409    3.0000    1.9997    1.9990    2.1953    1.2244    3.6999    0.3338  1.5785E+00     -0.3135  8.1728E+00
  803.4917    3.0000    1.9997    1.9990    2.2006    1.2274    3.6997    0.3343  1.5855E+00     -0.3135  8.0602E+00
  803.5421    3.0000    1.9997    1.9990    2.2058    1.2305    3.6995    0.3348  1.5922E+00     -0.3135  7.9492E+00
  803.5919    3.0000    1.9997    1.9990    2.2111    1.2336    3.6992    0.3353  1.5987E+00     -0.3135  7.8398E+00
  803.6412    3.0000    1.9997    1.9990    2.2163    1.2367    3.6990    0.3358  1.6049E+00     -0.3135  7.7319E+00
  803.6900    3.0000    1.9997    1.9989    2.2215    1.2398    3.6988    0.3364  1.6108E+00     -0.3135  7.6255E+00
  803.7383    3.0000    1.9997    1.9989    2.2268    1.2429    3.6985    0.3369  1.6164E+00     -0.3135  7.5205E+00
  803.7862    3.0000    1.9997    1.9989    2.2320    1.2459    3.6983    0.3373  1.6217E+00     -0.3135  7.4171E+00
  803.8336    3.0000    1.9997    1.9989    2.2372    1.2490    3.6981    0.3378  1.6267E+00     -0.3135  7.3151E+00
  803.8804    3.0000    1.9997    1.9989    2.2425    1.2521    3.6978    0.3383  1.6313E+00     -0.3135  7.2145E+00
  803.9269    3.0000    1.9997    1.9989    2.2477    1.2552    3.6976    0.3388  1.6355E+00     -0.3135  7.1153E+00
  803.9728    3.0000    1.9997    1.9989    2.2530    1.2583    3.6974    0.3393  1.6394E+00     -0.3135  7.0175E+00
  804.0184    3.0000    1.9997    1.9988    2.2582    1.2614    3.6971    0.3397  1.6430E+00     -0.3135  6.9210E+00
  804.0634    3.0000    1.9997    1.9988    2.2634    1.2645    3.6969    0.3402  1.6461E+00     -0.3135  6.8259E+00
  804.1080    3.0000    1.9997    1.9988    2.2687    1.2676    3.6967    0.3407  1.6488E+00     -0.3135  6.7322E+00
  804.1522    3.0000    1.9997    1.9988    2.2739    1.2707    3.6964    0.3411  1.6510E+00     -0.3135  6.6397E+00
  804.1959    3.0000    1.9997    1.9988    2.2791    1.2738    3.6962    0.3416  1.6529E+00     -0.3135  6.5485E+00
  804.2391    3.0000    1.9997    1.9988    2.2844    1.2768    3.6959    0.3420  1.6542E+00     -0.3135  6.4585E+00
  804.2820    3.0000    1.9997    1.9987    2.2896    1.2799    3.6957    0.3425  1.6551E+00     -0.3135  6.3699E+00
  804.3244    3.0000    1.9997    1.9987    2.2949    1.2830    3.6955    0.3429  1.6555E+00     -0.3135  6.2824E+00
  804.3664    3.0000    1.9997    1.9987    2.3001    1.2861    3.6952    0.3433  1.6554E+00     -0.3135  6.1962E+00
  804.4080    3.0000    1.9997    1.9987    2.3053    1.2892    3.6950    0.3438  1.6549E+00     -0.3135  6.1111E+00
  804.4492    3.0000    1.9997    1.9987    2.3106    1.2923    3.6947    0.3442  1.6545E+00     -0.3135  6.0272E+00
  804.4899    3.0000    1.9997    1.9987    2.3158    1.2955    3.6945    0.3446  1.6540E+00     -0.3135  5.9445E+00
  804.5302    3.0000    1.9997    1.9986    2.3210    1.2986    3.6943    0.3450  1.6536E+00     -0.3135  5.8630E+00
  804.5701    3.0000    1.9997    1.9986    2.3263    1.3017    3.6940    0.3454  1.6532E+00     -0.3135  5.7825E+00
  804.6097    3.0000    1.9997    1.9986    2.3315    1.3048    3.6938    0.3459  1.6528E+00     -0.3135  5.7032E+00
  804.6488    3.0000    1.9997    1.9986    2.3368    1.3079    3.6935    0.3463  1.6523E+00     -0.3135  5.6249E+00
  804.6876    3.0000    1.9997    1.9986    2.3420    1.3110    3.6933    0.3467  1.6519E+00     -0.3135  5.5478E+00
  804.7260    3.0000    1.9997    1.9986    2.3472    1.3141    3.6930    0.3471  1.6515E+00     -0.3135  5.4717E+00
  804.7639    3.0000    1.9997    1.9985    2.3525    1.3172    3.6928    0.3474  1.6511E+00     -0.3135  5.3966E+00
  804.8015    3.0000    1.9997    1.9985    2.3577    1.3203    3.6925    0.3478  1.6507E+00     -0.3135  5.3226E+00
  804.8387    3.0000    1.9997    1.9985    2.3630    1.3234    3.6923    0.3482  1.6503E+00     -0.3135  5.2496E+00
  804.8755    3.0000    1.9997    1.9985    2.3682    1.3266    3.6920    0.3486  1.6499E+00     -0.3135  5.1776E+00
  804.9120    3.0000    1.9997    1.9985    2.3734    1.3297    3.6918    0.3490  1.6495E+00     -0.3135  5.1066E+00
  804.9482    3.0000    1.9997    1.9985    2.3787    1.3328    3.6915    0.3494  1.6491E+00     -0.3135  5.0365E+00
  804.9839    3.0000    1.9997    1.9984    2.3839    1.3359    3.6913    0.3497  1.6487E+00     -0.3135  4.9675E+00
  805.0193    3.0000    1.9997    1.9984    2.3891    1.3390    3.6910    0.3501  1.6483E+00     -0.3135  4.8993E+00
  805.0544    3.0000    1.9997    1.9984    2.3944    1.3422    3.6908    0.3505  1.6480E+00     -0.3135  4.8321E+00
  805.0891    3.0000    1.9997    1.9984    2.3996    1.3453    3.6905    0.3508  1.6476E+00     -0.3135  4.7659E+00
  805.1234    3.0000    1.9997    1.9984    2.4049    1.3484    3.6903    0.3512  1.6472E+00     -0.3135  4.7005E+00
  805.1574    3.0000    1.9997    1.9983    2.4101    1.3515    3.6900    0.3515  1.6468E+00     -0.3135  4.6360E+00
  805.1910    3.0000    1.9997    1.9983    2.4153    1.3547    3.6898    0.3519  1.6465E+00     -0.3135  4.5725E+00
  805.2244    3.0000    1.9997    1.9983    2.4206    1.3578    3.6895    0.3522  1.6461E+00     -0.3135  4.5097E+00
  805.2574    3.0000    1.9997    1.9983    2.4258    1.3609    3.6893    0.3525  1.6457E+00     -0.3135  4.4479E+00
  805.2900    3.0000    1.9997    1.9983    2.4310    1.3641    3.6890    0.3529  1.6454E+00     -0.3135  4.3869E+00
  805.3224    3.0000    1.9997    1.9982    2.4363    1.3672    3.6887    0.3532  1.6450E+00     -0.3135  4.3267E+00
  805.3544    3.0000    1.9997    1.9982    2.4415    1.3703    3.6885    0.3536  1.6447E+00     -0.3135  4.2673E+00
  805.3860    3.0000    1.9997    1.9982    2.4468    1.3735    3.6882    0.3539  1.6443E+00     -0.3135  4.2088E+00
  805.4174    3.0000    1.9997    1.9982    2.4520    1.3766    3.6880    0.3542  1.6440E+00     -0.3135  4.1510E+00
  805.4485    3.0000    1.9997    1.9982    2.4572    1.3798    3.6877    0.3545  1.6436E+00     -0.3135  4.0941E+00
  805.4792    3.0000    1.9997    1.9981    2.4625    1.3829    3.6874    0.3548  1.6433E+00     -0.3135  4.0379E+00
  805.5097    3.0000    1.9997    1.9981    2.4677    1.3860    3.6872    0.3552  1.6430E+00     -0.3135  3.9825E+00
  805.5399    3.0000    1.9997    1.9981    2.4729    1.3892    3.6869    0.3555  1.6426E+00     -0.3135  3.9278E+00
  805.5639    4.0000    1.9997    1.9981    2.4772    1.3917    3.6867    0.3557  1.6424E+00     -0.3135  3.8843E+00
  806.1081    4.0000    1.9997    1.9977    2.4077    1.3502    3.6901    0.3567  1.6410E+00     -0.3135  4.6734E+00
  806.7062    4.0000    1.9997    1.9973    2.3379    1.3086    3.6934    0.3577  1.6396E+00     -0.3135  5.6316E+00
  807.3730    4.0000    1.9997    1.9970    2.2678    1.2671    3.6967    0.3589  1.6381E+00     -0.3135  6.7980E+00
  808.1311    4.0000    1.9997    1.9968    2.1973    1.2256    3.6998    0.3602  1.6365E+00     -0.3135  8.2223E+00
  809.0992    4.0000    1.9997    1.9965    2.1206    1.1807    3.7031    0.3619  1.6346E+00     -0.3135  1.0128E+01
  810.2734    4.0000    1.9997    1.9963    2.0460    1.1372    3.7062    0.3640  1.6323E+00     -0.3135  1.2436E+01
  811.8542    4.0000    1.9997    1.9960    1.9730    1.0949    3.7091    0.3668  1.6293E+00     -0.3135  1.5235E+01
  813.4349    4.0000    1.9997    1.9959    1.9264    1.0679    3.7109    0.3696  1.6263E+00     -0.3135  1.7378E+01
  815.0156    4.0000    1.9997    1.9957    1.9002    1.0528    3.7119    0.3723  1.6234E+00     -0.3135  1.8733E+01
  816.5963    4.0000    1.9997    1.9956    1.8886    1.0461    3.7124    0.3751  1.6204E+00     -0.3135  1.9387E+01
  818.1770    4.0000    1.9997    1.9954    1.8856    1.0444    3.7125    0.3779  1.6175E+00     -0.3135  1.9580E+01
  819.7577    4.0000    1.9997    1.9953    1.8868    1.0443    3.7128    0.3807  1.4987E+00     -0.3135  2.0378E+01
  821.3384    4.0000    1.9997    1.9952    1.8901    1.0443    3.7136    0.3835  1.2989E+00     -0.3135  2.1925E+01
  822.9191    4.0000    1.9997    1.9950    1.8938    1.0444    3.7145    0.3862  1.1240E+00     -0.3135  2.3585E+01
  824.4998    4.0000    1.9997    1.9949    1.8977    1.0444    3.7155    0.3890  9.7100E-01     -0.3135  2.5364E+01
  826.0805    4.0000    1.9997    1.9947    1.9017    1.0444    3.7165    0.3918  8.3749E-01     -0.3135  2.7267E+01
  827.6612    4.0000    1.9997    1.9946    1.9059    1.0444    3.7175    0.3946  7.2116E-01     -0.3135  2.9299E+01
  829.2419    4.0000    1.9997    1.9945    1.9102    1.0445    3.7186    0.3974  6.1997E-01     -0.3135  3.1464E+01
  830.8226    4.0000    1.9997    1.9943    1.9146    1.0445    3.7196    0.4001  5.3210E-01     -0.3135  3.3766E+01
  832.4033    4.0000    1.9997    1.9942    1.9191    1.0446    3.7207    0.4029  4.5594E-01     -0.3135  3.6206E+01
  833.9840    4.0000    1.9997    1.9940    1.9237    1.0447    3.7218    0.4057  3.9004E-01     -0.3135  3.8785E+01
  835.5648    4.0000    1.9997    1.9939    1.9283    1.0449    3.7229    0.4085  3.3313E-01     -0.3135  4.1501E+01
  837.1454    4.0000    1.9997    1.9937    1.9330    1.0450    3.7240    0.4113  2.8406E-01     -0.3135  4.4353E+01
  838.7261    4.0000    1.9997    1.9936    1.9378    1.0452    3.7251    0.4140  2.4184E-01     -0.3135  4.7334E+01
  840.3069    4.0000    1.9997    1.9934    1.9426    1.0454    3.7262    0.4168  2.0557E-01     -0.3135  5.0437E+01
  841.8876    4.0000    1.9997    1.9933    1.9475    1.0456    3.7273    0.4196  1.7447E-01     -0.3135  5.3652E+01
  843.4683    4.0000    1.9997    1.9931    1.9524    1.0459    3.7284    0.4224  1.4787E-01     -0.3135  5.6966E+01
  845.0490    4.0000    1.9997    1.9930    1.9574    1.0462    3.7295    0.4252  1.2514E-01     -0.3135  6.0364E+01
  846.6297    4.0000    1.9997    1.9928    1.9625    1.0466    3.7306    0.4279  1.0576E-01     -0.3135  6.3827E+01
  848.2104    4.0000    1.9997    1.9926    1.9675    1.0470    3.7317    0.4307  8.9272E-02     -0.3135  6.7336E+01
  849.7911    4.0000    1.9997    1.9925    1.9726    1.0474    3.7327    0.4335  7.5265E-02     -0.3135  7.0866E+01
  851.3718    4.0000    1.9997    1.9923    1.9778    1.0479    3.7338    0.4363  6.3389E-02     -0.3135  7.4395E+01
  852.9525    4.0000    1.9997    1.9921    1.9830    1.0484    3.7348    0.4391  5.3337E-02     -0.3135  7.7895E+01
  854.5332    4.0000    1.9997    1.9920    1.9882    1.0490    3.7358    0.4418  4.4843E-02     -0.3135  8.1341E+01
  856.1139    4.0000    1.9997    1.9918    1.9935    1.0497    3.7368    0.4446  3.7679E-02     -0.3135  8.4705E+01
  857.6946    4.0000    1.9997    1.9916    1.9988    1.0503    3.7378    0.4474  3.1646E-02     -0.3135  8.7962E+01
  859.2753    4.0000    1.9997    1.9914    2.0041    1.0511    3.7387    0.4502  2.6573E-02     -0.3135  9.1086E+01
  860.8560    4.0000    1.9997    1.9913    2.0095    1.0519    3.7397    0.4530  2.2313E-02     -0.3135  9.4054E+01
  862.4367    4.0000    1.9997    1.9911    2.0148    1.0528    3.7406    0.4557  1.8743E-02     -0.3135  9.6845E+01
  864.0175    4.0000    1.9997    1.9909    2.0203    1.0537    3.7415    0.4585  1.5753E-02     -0.3135  9.9440E+01
  865.5981    4.0000    1.9997    1.9907    2.0257    1.0548    3.7423    0.4613  1.3252E-02     -0.3135  1.0183E+02
  867.1788    4.0000    1.9997    1.9905    2.0312    1.0558    3.7431    0.4641  1.1164E-02     -0.3135  1.0399E+02
  868.7596    4.0000    1.9997    1.9903    2.0367    1.0570    3.7439    0.4669  9.4203E-03     -0.3135  1.0592E+02
  870.3403    4.0000    1.9997    1.9901    2.0422    1.0582    3.7447    0.4696  7.9666E-03     -0.3135  1.0761E+02
  871.9210    4.0000    1.9997    1.9899    2.0478    1.0595    3.7454    0.4724  6.7554E-03     -0.3135  1.0906E+02
  873.5016    4.0000    1.9997    1.9897    2.0533    1.0609    3.7461    0.4752  5.7469E-03     -0.3135  1.1028E+02
  875.0824    4.0000    1.9997    1.9895    2.0589    1.0624    3.7468    0.4780  4.9075E-03     -0.3135  1.1125E+02
  876.6631    4.0000    1.9997    1.9893    2.0646    1.0640    3.7474    0.4808  4.2094E-03     -0.3135  1.1200E+02
  878.2438    4.0000    1.9997    1.9891    2.0702    1.0656    3.7480    0.4835  3.6291E-03     -0.3135  1.1251E+02
  879.8245    4.0000    1.9997    1.9889    2.0759    1.0674    3.7486    0.4863  3.1470E-03     -0.3135  1.1281E+02
  881.4052    4.0000    1.9997    1.9887    2.0816    1.0692    3.7491    0.4891  2.7468E-03     -0.3135  1.1290E+02
  882.9859    4.0000    1.9997    1.9884    2.0873    1.0711    3.7495    0.4919  2.4151E-03     -0.3135  1.1279E+02
  884.5666    4.0000    1.9997    1.9882    2.0930    1.0731    3.7500    0.4947  2.1408E-03     -0.3135  1.1248E+02
  886.1473    4.0000    1.9997    1.9880    2.0988    1.0752    3.7503    0.4974  1.9146E-03     -0.3135  1.1199E+02
  887.7280    4.0000    1.9997    1.9877    2.1045    1.0775    3.7507    0.5002  1.7290E-03     -0.3135  1.1133E+02
  889.3087    4.0000    1.9997    1.9875    2.1103    1.0798    3.7510    0.5030  1.5779E-03     -0.3135  1.1051E+02
  890.8895    4.0000    1.9997    1.9872    2.1161    1.0822    3.7512    0.5058  1.4562E-03     -0.3135  1.0954E+02
  892.4702    4.0000    1.9997    1.9870    2.1220    1.0848    3.7514    0.5086  1.3602E-03     -0.3135  1.0841E+02
  894.0508    4.0000    1.9997    1.9867    2.1278    1.0874    3.7515    0.5113  1.2867E-03     -0.3135  1.0715E+02
  895.6315    4.0000    1.9997    1.9865    2.1337    1.0902    3.7516    0.5141  1.2334E-03     -0.3135  1.0576E+02
  897.2123    4.0000    1.9997    1.9862    2.1396    1.0931    3.7516    0.5169  1.1987E-03     -0.3135  1.0424E+02
  898.7930    4.0000    1.9997    1.9859    2.1455    1.0961    3.7516    0.5197  1.1816E-03     -0.3135  1.0260E+02
  900.3737    4.0000    1.9997    1.9857    2.1514    1.0992    3.7515    0.5225  1.1818E-03     -0.3135  1.0085E+02
  901.9544    4.0000    1.9997    1.9854    2.1573    1.1024    3.7514    0.5252  1.1995E-03     -0.3135  9.8987E+01
  903.5351    4.0000    1.9997    1.9851    2.1633    1.1058    3.7512    0.5280  1.2356E-03     -0.3135  9.7017E+01
  905.1158    4.0000    1.9997    1.9848    2.1692    1.1093    3.7509    0.5308  1.2916E-03     -0.3135  9.4941E+01
  906.6965    4.0000    1.9997    1.9845    2.1752    1.1129    3.7506    0.5336  1.3700E-03     -0.3135  9.2764E+01
  908.2772    4.0000    1.9997    1.9842    2.1812    1.1167    3.7502    0.5364  1.4739E-03     -0.3135  9.0486E+01
  909.8579    4.0000    1.9997    1.9839    2.1872    1.1206    3.7498    0.5391  1.6078E-03     -0.3135  8.8109E+01
  911.4386    4.0000    1.9997    1.9835    2.1932    1.1246    3.7493    0.5419  1.7774E-03     -0.3135  8.5635E+01
  913.0193    4.0000    1.9997    1.9832    2.1993    1.1288    3.7487    0.5447  1.9901E-03     -0.3135  8.3065E+01
  914.6000    4.0000    1.9997    1.9829    2.2053    1.1331    3.7480    0.5475  2.2554E-03     -0.3135  8.0399E+01
  916.1807    4.0000    1.9997    1.9825    2.2114    1.1376    3.7473    0.5503  2.5853E-03     -0.3135  7.7638E+01
  917.7614    4.0000    1.9997    1.9822    2.2175    1.1422    3.7465    0.5530  2.9950E-03     -0.3135  7.4786E+01
  919.3422    4.0000    1.9997    1.9818    2.2236    1.1470    3.7457    0.5558  3.5041E-03     -0.3135  7.1844E+01
  920.9229    4.0000    1.9997    1.9814    2.2297    1.1519    3.7447    0.5586  4.1370E-03     -0.3135  6.8816E+01
  922.5035    4.0000    1.9997    1.9810    2.2358    1.1570    3.7437    0.5614  4.9248E-03     -0.3135  6.5708E+01
  924.0842    4.0000    1.9997    1.9806    2.2419    1.1622    3.7426    0.5642  5.9067E-03     -0.3135  6.2526E+01
  925.6650    4.0000    1.9997    1.9802    2.2480    1.1676    3.7415    0.5669  7.1322E-03     -0.3135  5.9279E+01
  927.2457    4.0000    1.9997    1.9798    2.2542    1.1731    3.7402    0.5697  8.6639E-03     -0.3135  5.5978E+01
  928.8264    4.0000    1.9997    1.9794    2.2604    1.1789    3.7389    0.5725  1.0580E-02     -0.3135  5.2638E+01
  930.4071    4.0000    1.9997    1.9790    2.2665    1.1847    3.7375    0.5753  1.2981E-02     -0.3135  4.9274E+01
  931.9878    4.0000    1.9997    1.9785    2.2727    1.1908    3.7361    0.5781  1.5992E-02     -0.3135  4.5906E+01
  933.5685    4.0000    1.9997    1.9780    2.2789    1.1970    3.7345    0.5808  1.9768E-02     -0.3135  4.2555E+01
  935.1492    4.0000    1.9997    1.9776    2.2851    1.2034    3.7328    0.5836  2.4509E-02     -0.3135  3.9243E+01
  936.7299    4.0000    1.9997    1.9771    2.2913    1.2100    3.7311    0.5864  3.0461E-02     -0.3135  3.5995E+01
  938.3106    4.0000    1.9997    1.9766    2.2976    1.2167    3.7293    0.5892  3.7934E-02     -0.3135  3.2834E+01
  939.8913    4.0000    1.9997    1.9760    2.3038    1.2237    3.7274    0.5920  4.7317E-02     -0.3135  2.9784E+01
  941.4720    4.0000    1.9997    1.9755    2.3100    1.2308    3.7254    0.5947  5.9094E-02     -0.3135  2.6867E+01
  943.0527    4.0000    1.9997    1.9749    2.3163    1.2381    3.7233    0.5975  7.3869E-02     -0.3135  2.4100E+01
  944.6334    4.0000    1.9997    1.9744    2.3226    1.2456    3.7211    0.6003  9.2396E-02     -0.3135  2.1501E+01
  946.2141    4.0000    1.9997    1.9738    2.3288    1.2533    3.7188    0.6031  1.1561E-01     -0.3135  1.9080E+01
  947.7949    4.0000    1.9997    1.9732    2.3351    1.2612    3.7165    0.6059  1.4468E-01     -0.3135  1.6844E+01
  949.3755    4.0000    1.9997    1.9725    2.3414    1.2692    3.7140    0.6086  1.8103E-01     -0.3135  1.4798E+01
  950.9562    4.0000    1.9997    1.9719    2.3477    1.2775    3.7114    0.6114  2.2647E-01     -0.3135  1.2940E+01
  952.5369    4.0000    1.9997    1.9712    2.3540    1.2860    3.7088    0.6142  2.8319E-01     -0.3135  1.1266E+01
  954.1177    4.0000    1.9997    1.9705    2.3603    1.2947    3.7060    0.6170  3.5393E-01     -0.3135  9.7694E+00
  955.6984    4.0000    1.9997    1.9698    2.3666    1.3036    3.7031    0.6198  4.4204E-01     -0.3135  8.4394E+00
  957.2791    4.0000    1.9997    1.9690    2.3729    1.3126    3.7002    0.6225  5.5166E-01     -0.3135  7.2654E+00
  958.8598    4.0000    1.9997    1.9682    2.3792    1.3220    3.6971    0.6253  6.8788E-01     -0.3135  6.2349E+00
  960.4405    4.0000    1.9997    1.9674    2.3856    1.3315    3.6939    0.6281  8.5696E-01     -0.3135  5.3352E+00
  962.0212    4.0000    1.9997    1.9666    2.3919    1.3412    3.6906    0.6309  1.0665E+00     -0.3135  4.5534E+00
  963.6019    4.0000    1.9997    1.9657    2.3982    1.3512    3.6872    0.6337  1.3260E+00     -0.3135  3.8770E+00
  963.6345    5.0000    1.9997    1.9657    2.3984    1.3514    3.6872    0.6337  1.3320E+00     -0.3135  3.8641E+00
  963.7028    5.0000    1.9997    1.9657    2.4089    1.3575    3.6867    0.6337  1.3320E+00     -0.3135  3.7600E+00
  963.7698    5.0000    1.9997    1.9656    2.4194    1.3636    3.6863    0.6337  1.3319E+00     -0.3135  3.6587E+00
  963.8354    5.0000    1.9997    1.9656    2.4299    1.3697    3.6859    0.6337  1.3319E+00     -0.3135  3.5602E+00
  963.8997    5.0000    1.9997    1.9656    2.4405    1.3758    3.6855    0.6337  1.3318E+00     -0.3135  3.4645E+00
  963.9628    5.0000    1.9997    1.9655    2.4510    1.3819    3.6851    0.6337  1.3318E+00     -0.3135  3.3713E+00
  964.0245    5.0000    1.9997    1.9655    2.4615    1.3880    3.6846    0.6337  1.3318E+00     -0.3135  3.2807E+00
  964.0850    5.0000    1.9997    1.9654    2.4721    1.3941    3.6842    0.6337  1.3317E+00     -0.3135  3.1926E+00
  964.1443    5.0000    1.9997    1.9654    2.4826    1.4003    3.6838    0.6337  1.3317E+00     -0.3135  3.1069E+00
  964.2025    5.0000    1.9997    1.9653    2.4931    1.4064    3.6834    0.6337  1.3316E+00     -0.3135  3.0235E+00
  964.2595    5.0000    1.9997    1.9653    2.5036    1.4125    3.6829    0.6337  1.3316E+00     -0.3135  2.9423E+00
  964.3153    5.0000    1.9997    1.9652    2.5142    1.4186    3.6825    0.6337  1.3315E+00     -0.3135  2.8634E+00
  964.3700    5.0000    1.9997    1.9652    2.5247    1.4248    3.6821    0.6337  1.3315E+00     -0.3135  2.7866E+00
  964.4236    5.0000    1.9997    1.9651    2.5352    1.4309    3.6816    0.6337  1.3314E+00     -0.3135  2.7119E+00
  964.4762    5.0000    1.9997    1.9651    2.5458    1.4371    3.6812    0.6337  1.3314E+00     -0.3135  2.6392E+00
  964.5276    5.0000    1.9997    1.9650    2.5563    1.4432    3.6807    0.6337  1.3313E+00     -0.3135  2.5685E+00
  964.5781    5.0000    1.9997    1.9650    2.5668    1.4494    3.6803    0.6337  1.3313E+00     -0.3135  2.4997E+00
  964.6276    5.0000    1.9997    1.9649    2.5773    1.4555    3.6798    0.6337  1.3312E+00     -0.3135  2.4327E+00
  964.6761    5.0000    1.9997    1.9649    2.5879    1.4617    3.6794    0.6337  1.3312E+00     -0.3135  2.3675E+00
  964.7236    5.0000    1.9997    1.9648    2.5984    1.4678    3.6789    0.6337  1.3311E+00     -0.3135  2.3041E+00
  964.7701    5.0000    1.9997    1.9648    2.6089    1.4740    3.6785    0.6337  1.3311E+00     -0.3135  2.2424E+00
  964.8157    5.0000    1.9997    1.9647    2.6195    1.4802    3.6780    0.6337  1.3310E+00     -0.3135  2.1824E+00
  964.8604    5.0000    1.9997    1.9647    2.6300    1.4864    3.6776    0.6337  1.3309E+00     -0.3135  2.1239E+00
  964.9042    5.0000    1.9997    1.9646    2.6405    1.4925    3.6771    0.6337  1.3309E+00     -0.3135  2.0671E+00
  964.9472    5.0000    1.9997    1.9645    2.6510    1.4987    3.6767    0.6337  1.3308E+00     -0.3135  2.0117E+00
  964.9893    5.0000    1.9997    1.9645    2.6616    1.5049    3.6762    0.6337  1.3308E+00     -0.3135  1.9578E+00
  965.0305    5.0000    1.9997    1.9644    2.6721    1.5111    3.6757    0.6337  1.3307E+00     -0.3135  1.9054E+00
  965.0709    5.0000    1.9997    1.9644    2.6826    1.5173    3.6753    0.6337  1.3306E+00     -0.3135  1.8544E+00
  965.1105    5.0000    1.9997    1.9643    2.6932    1.5235    3.6748    0.6337  1.3306E+00     -0.3135  1.8047E+00
  965.1493    5.0000    1.9997    1.9642    2.7037    1.5297    3.6743    0.6337  1.3305E+00     -0.3135  1.7564E+00
  965.1874    5.0000    1.9997    1.9642    2.7142    1.5359    3.6739    0.6337  1.3305E+00     -0.3135  1.7093E+00
  965.2246    5.0000    1.9997    1.9641    2.7247    1.5421    3.6734    0.6337  1.3304E+00     -0.3135  1.6635E+00
  965.2612    5.0000    1.9997    1.9640    2.7353    1.5483    3.6729    0.6337  1.3303E+00     -0.3135  1.6189E+00
  965.2969    5.0000    1.9997    1.9640    2.7458    1.5546    3.6724    0.6337  1.3302E+00     -0.3135  1.5755E+00
  965.3320    5.0000    1.9997    1.9639    2.7563    1.5608    3.6720    0.6337  1.3302E+00     -0.3135  1.5333E+00
  965.3664    5.0000    1.9997    1.9638    2.7669    1.5670    3.6715    0.6337  1.3301E+00     -0.3135  1.4921E+00
  965.4001    5.0000    1.9997    1.9637    2.7774    1.5732    3.6710    0.6337  1.3300E+00     -0.3135  1.4521E+00
  965.4331    5.0000    1.9997    1.9637    2.7879    1.5795    3.6705    0.6337  1.3300E+00     -0.3135  1.4131E+00
  965.4655    5.0000    1.9997    1.9636    2.7984    1.5857    3.6700    0.6337  1.3299E+00     -0.3135  1.3752E+00
  965.4972    5.0000    1.9997    1.9635    2.8090    1.5920    3.6695    0.6337  1.3298E+00     -0.3135  1.3382E+00
  965.5283    5.0000    1.9997    1.9634    2.8195    1.5982    3.6690    0.6337  1.3297E+00     -0.3135  1.3023E+00
  965.5587    5.0000    1.9997    1.9634    2.8300    1.6045    3.6685    0.6337  1.3296E+00     -0.3135  1.2673E+00
  965.5886    5.0000    1.9997    1.9633    2.8406    1.6107    3.6680    0.6337  1.3296E+00     -0.3135  1.2332E+00
  965.6178    5.0000    1.9997    1.9632    2.8511    1.6170    3.6675    0.6337  1.3295E+00     -0.3135  1.2000E+00
  965.6465    5.0000    1.9997    1.9631    2.8616    1.6233    3.6670    0.6337  1.3294E+00     -0.3135  1.1677E+00
  965.6746    5.0000    1.9997    1.9630    2.8721    1.6296    3.6665    0.6337  1.3293E+00     -0.3135  1.1362E+00
  965.7021    5.0000    1.9997    1.9629    2.8827    1.6358    3.6660    0.6337  1.3292E+00     -0.3135  1.1056E+00
  965.7291    5.0000    1.9997    1.9628    2.8932    1.6421    3.6655    0.6337  1.3291E+00     -0.3135  1.0758E+00
  965.7556    5.0000    1.9997    1.9627    2.9037    1.6484    3.6650    0.6337  1.3290E+00     -0.3135  1.0468E+00
  965.7814    5.0000    1.9997    1.9626    2.9143    1.6547    3.6645    0.6337  1.3289E+00     -0.3135  1.0185E+00
  965.8068    5.0000    1.9997    1.9626    2.9248    1.6610    3.6640    0.6337  1.3288E+00     -0.3135  9.9101E-01
  965.8317    5.0000    1.9997    1.9625    2.9353    1.6673    3.6634    0.6337  1.3287E+00     -0.3135  9.6421E-01
  965.8561    5.0000    1.9997    1.9624    2.9458    1.6736    3.6629    0.6337  1.3286E+00     -0.3135  9.3813E-01
  965.8800    5.0000    1.9997    1.9623    2.9564    1.6799    3.6624    0.6337  1.3285E+00     -0.3135  9.1273E-01
  965.9034    5.0000    1.9997    1.9621    2.9669    1.6862    3.6619    0.6337  1.3284E+00     -0.3135  8.8799E-01
  965.9264    5.0000    1.9997    1.9620    2.9774    1.6926    3.6613    0.6337  1.3283E+00     -0.3135  8.6391E-01
  965.9489    5.0000    1.9997    1.9619    2.9880    1.6989    3.6608    0.6337  1.3282E+00     -0.3135  8.4046E-01
  965.9709    5.0000    1.9997    1.9618    2.9985    1.7052    3.6603    0.6337  1.3281E+00     -0.3135  8.1763E-01
  965.9925    5.0000    1.9997    1.9617    3.0090    1.7116    3.6597    0.6337  1.3280E+00     -0.3135  7.9540E-01
  966.0137    5.0000    1.9997    1.9616    3.0195    1.7179    3.6592    0.6337  1.3279E+00     -0.3135  7.7375E-01
  966.0344    5.0000    1.9997    1.9615    3.0301    1.7243    3.6587    0.6337  1.3278E+00     -0.3135  7.5267E-01
  966.0547    5.0000    1.9997    1.9614    3.0406    1.7306    3.6581    0.6337  1.3277E+00     -0.3135  7.3214E-01
  966.0747    5.0000    1.9997    1.9613    3.0511    1.7370    3.6576    0.6337  1.3275E+00     -0.3135  7.1215E-01
  966.0942    5.0000    1.9997    1.9611    3.0617    1.7433    3.6570    0.6337  1.3274E+00     -0.3135  6.9269E-01
  966.1133    5.0000    1.9997    1.9610    3.0722    1.7497    3.6565    0.6337  1.3273E+00     -0.3135  6.7374E-01
  966.1321    5.0000    1.9997    1.9609    3.0827    1.7561    3.6559    0.6337  1.3272E+00     -0.3135  6.5528E-01
  966.1505    5.0000    1.9997    1.9607    3.0932    1.7625    3.6554    0.6337  1.3270E+00     -0.3135  6.3731E-01
  966.1685    5.0000    1.9997    1.9606    3.1038    1.7688    3.6548    0.6337  1.3269E+00     -0.3135  6.1980E-01
  966.1862    5.0000    1.9997    1.9605    3.1143    1.7752    3.6542    0.6337  1.3268E+00     -0.3135  6.0276E-01
  966.2034    5.0000    1.9997    1.9603    3.1248    1.7816    3.6537    0.6337  1.3266E+00     -0.3135  5.8616E-01
  966.2204    5.0000    1.9997    1.9602    3.1354    1.7880    3.6531    0.6337  1.3265E+00     -0.3135  5.7000E-01
  966.2370    5.0000    1.9997    1.9601    3.1459    1.7944    3.6525    0.6337  1.3263E+00     -0.3135  5.5426E-01
  966.2533    5.0000    1.9997    1.9599    3.1564    1.8009    3.6519    0.6337  1.3262E+00     -0.3135  5.3893E-01
  966.2692    5.0000    1.9997    1.9598    3.1669    1.8073    3.6514    0.6337  1.3261E+00     -0.3135  5.2400E-01
  966.2849    5.0000    1.9997    1.9596    3.1775    1.8137    3.6508    0.6337  1.3259E+00     -0.3135  5.0946E-01
  966.3002    5.0000    1.9997    1.9595    3.1880    1.8201    3.6502    0.6337  1.3257E+00     -0.3135  4.9530E-01
  966.3152    5.0000    1.9997    1.9593    3.1985    1.8266    3.6496    0.6337  1.3256E+00     -0.3135  4.8151E-01
  966.3300    5.0000    1.9997    1.9592    3.2091    1.8330    3.6490    0.6337  1.3254E+00     -0.3135  4.6809E-01
  966.3444    5.0000    1.9997    1.9590    3.2196    1.8394    3.6484    0.6337  1.3253E+00     -0.3135  4.5501E-01
  966.3585    5.0000    1.9997    1.9588    3.2301    1.8459    3.6478    0.6337  1.3251E+00     -0.3135  4.4227E-01
  966.3723    5.0000    1.9997    1.9587    3.2406    1.8524    3.6473    0.6337  1.3249E+00     -0.3135  4.2986E-01
  966.3859    5.0000    1.9997    1.9585    3.2512    1.8588    3.6467    0.6337  1.3248E+00     -0.3135  4.1778E-01
  966.3992    5.0000    1.9997    1.9583    3.2617    1.8653    3.6460    0.6337  1.3246E+00     -0.3135  4.0601E-01
  966.4122    5.0000    1.9997    1.9581    3.2722    1.8718    3.6454    0.6337  1.3244E+00     -0.3135  3.9455E-01
  966.4250    5.0000    1.9997    1.9579    3.2828    1.8783    3.6448    0.6337  1.3242E+00     -0.3135  3.8339E-01
  966.4376    5.0000    1.9997    1.9578    3.2933    1.8847    3.6442    0.6337  1.3240E+00     -0.3135  3.7251E-01
  966.4498    5.0000    1.9997    1.9576    3.3038    1.8912    3.6436    0.6337  1.3239E+00     -0.3135  3.6192E-01
  966.4619    5.0000    1.9997    1.9574    3.3143    1.8977    3.6430    0.6337  1.3237E+00     -0.3135  3.5161E-01
  966.4736    5.0000    1.9997    1.9572    3.3249    1.9042    3.6424    0.6337  1.3235E+00     -0.3135  3.4156E-01
  966.4852    5.0000    1.9997    1.9570    3.3354    1.9108    3.6417    0.6337  1.3233E+00     -0.3135  3.3177E-01
  966.4965    5.0000    1.9997    1.9568    3.3459    1.9173    3.6411    0.6337  1.3231E+00     -0.3135  3.2224E-01
  966.5076    5.0000    1.9997    1.9566    3.3565    1.9238    3.6405    0.6337  1.3229E+00     -0.3135  3.1295E-01
  966.5184    5.0000    1.9997    1.9564    3.3670    1.9303    3.6399    0.6337  1.3226E+00     -0.3135  3.0391E-01
  966.5291    5.0000    1.9997    1.9561    3.3775    1.9369    3.6392    0.6337  1.3224E+00     -0.3135  2.9510E-01
  966.5396    5.0000    1.9997    1.9559    3.3880    1.9434    3.6386    0.6337  1.3222E+00     -0.3135  2.8651E-01
  966.5497    5.0000    1.9997    1.9557    3.3986    1.9500    3.6379    0.6337  1.3220E+00     -0.3135  2.7815E-01
  966.5598    5.0000    1.9997    1.9555    3.4091    1.9565    3.6373    0.6337  1.3218E+00     -0.3135  2.7001E-01
  966.5696    5.0000    1.9997    1.9552    3.4196    1.9631    3.6366    0.6337  1.3215E+00     -0.3135  2.6207E-01
  966.5792    5.0000    1.9997    1.9550    3.4302    1.9697    3.6360    0.6337  1.3213E+00     -0.3135  2.5434E-01
  966.5887    5.0000    1.9997    1.9548    3.4407    1.9762    3.6353    0.6337  1.3210E+00     -0.3135  2.4681E-01
  966.5979    5.0000    1.9997    1.9545    3.4512    1.9828    3.6347    0.6337  1.3208E+00     -0.3135  2.3947E-01
  966.6070    5.0000    1.9997    1.9543    3.4618    1.9894    3.6340    0.6337  1.3205E+00     -0.3135  2.3233E-01
  966.6158    5.0000    1.9997    1.9540    3.4723    1.9960    3.6333    0.6337  1.3203E+00     -0.3135  2.2536E-01
  966.6246    5.0000    1.9997    1.9537    3.4828    2.0026    3.6327    0.6337  1.3200E+00     -0.3135  2.1858E-01
  966.6331    5.0000    1.9997    1.9535    3.4933    2.0092    3.6320    0.6337  1.3198E+00     -0.3135  2.1197E-01
  966.6415    5.0000    1.9997    1.9532    3.5039    2.0158    3.6313    0.6337  1.3195E+00     -0.3135  2.0553E-01
  966.6497    5.0000    1.9997    1.9529    3.5144    2.0224    3.6306    0.6337  1.3192E+00     -0.3135  1.9925E-01
  966.6577    5.0000    1.9997    1.9526    3.5249    2.0291    3.6300    0.6337  1.3189E+00     -0.3135  1.9314E-01
  966.6655    5.0000    1.9997    1.9524    3.5355    2.0357    3.6293    0.6337  1.3186E+00     -0.3135  1.8719E-01
  966.6733    5.0000    1.9997    1.9521    3.5460    2.0424    3.6286    0.6337  1.3183E+00     -0.3135  1.8138E-01
  966.6808    5.0000    1.9997    1.9518    3.5565    2.0490    3.6279    0.6337  1.3180E+00     -0.3135  1.7573E-01
  966.6882    5.0000    1.9997    1.9515    3.5670    2.0557    3.6272    0.6337  1.3177E+00     -0.3135  1.7022E-01
  966.6955    5.0000    1.9997    1.9511    3.5776    2.0623    3.6265    0.6337  1.3174E+00     -0.3135  1.6486E-01
  966.7026    5.0000    1.9997    1.9508    3.5881    2.0690    3.6258    0.6337  1.3171E+00     -0.3135  1.5963E-01
  966.7095    5.0000    1.9997    1.9505    3.5986    2.0757    3.6251    0.6337  1.3168E+00     -0.3135  1.5454E-01
  966.7164    5.0000    1.9997    1.9502    3.6092    2.0824    3.6244    0.6337  1.3165E+00     -0.3135  1.4957E-01
  966.7231    5.0000    1.9997    1.9498    3.6197    2.0891    3.6237    0.6337  1.3161E+00     -0.3135  1.4474E-01
  966.7296    5.0000    1.9997    1.9495    3.6302    2.0958    3.6229    0.6337  1.3158E+00     -0.3135  1.4003E-01
  966.7361    5.0000    1.9997    1.9491    3.6407    2.1025    3.6222    0.6337  1.3154E+00     -0.3135  1.3545E-01
  966.7424    5.0000    1.9997    1.9488    3.6513    2.1092    3.6215    0.6337  1.3151E+00     -0.3135  1.3098E-01
  966.7485    5.0000    1.9997    1.9484    3.6618    2.1159    3.6208    0.6337  1.3147E+00     -0.3135  1.2663E-01
  966.7546    5.0000    1.9997    1.9480    3.6723    2.1226    3.6200    0.6337  1.3143E+00     -0.3135  1.2239E-01
  966.7605    5.0000    1.9997    1.9477    3.6829    2.1294    3.6193    0.6337  1.3139E+00     -0.3135  1.1826E-01
  966.7663    5.0000    1.9997    1.9473    3.6934    2.1361    3.6186    0.6337  1.3136E+00     -0.3135  1.1424E-01
  966.7720    5.0000    1.9997    1.9469    3.7039    2.1429    3.6178    0.6337  1.3132E+00     -0.3135  1.1033E-01
  966.7776    5.0000    1.9997    1.9465    3.7144    2.1496    3.6171    0.6337  1.3128E+00     -0.3135  1.0652E-01
  966.7831    5.0000    1.9997    1.9461    3.7250    2.1564    3.6163    0.6337  1.3123E+00     -0.3135  1.0281E-01
  966.7885    5.0000    1.9997    1.9456    3.7355    2.1632    3.6156    0.6337  1.3119E+00     -0.3135  9.9205E-02
  966.7937    5.0000    1.9997    1.9452    3.7460    2.1700    3.6148    0.6337  1.3115E+00     -0.3135  9.5694E-02
  966.7988    5.0000    1.9997    1.9448    3.7566    2.1767    3.6140    0.6337  1.3111E+00     -0.3135  9.2277E-02
  966.8039    5.0000    1.9997    1.9443    3.7635    2.1812    3.6135    0.6337  1.3106E+00     -0.3135  9.0039E-02
  966.8163    5.0000    1.9997    1.9432    3.7766    2.1897    3.6126    0.6337  1.3095E+00     -0.3135  8.5818E-02
  966.8286    5.0000    1.9997    1.9420    3.7898    2.1983    3.6116    0.6337  1.3083E+00     -0.3135  8.1746E-02
  966.8405    5.0000    1.9997    1.9408    3.8030    2.2069    3.6106    0.6337  1.3071E+00     -0.3135  7.7818E-02
  966.8522    5.0000    1.9997    1.9396    3.8161    2.2154    3.6096    0.6337  1.3059E+00     -0.3135  7.4033E-02
  966.8637    5.0000    1.9997    1.9383    3.8293    2.2240    3.6086    0.6337  1.3046E+00     -0.3135  7.0386E-02
  966.8750    5.0000    1.9997    1.9370    3.8424    2.2326    3.6076    0.6337  1.3033E+00     -0.3135  6.6875E-02
  966.8860    5.0000    1.9997    1.9357    3.8556    2.2412    3.6066    0.6337  1.3019E+00     -0.3135  6.3495E-02
  966.8969    5.0000    1.9997    1.9343    3.8688    2.2499    3.6055    0.6337  1.3006E+00     -0.3135  6.0246E-02
  966.9075    5.0000    1.9997    1.9328    3.8819    2.2585    3.6045    0.6337  1.2991E+00     -0.3135  5.7123E-02
  966.9081    6.0000    1.9997    1.9327    3.8828    2.2591    3.6044    0.6337  1.2990E+00     -0.3135  5.6915E-02
  966.9131    6.0000    1.9997    1.9320    3.8838    2.2598    3.6043    0.6340  1.2980E+00     -0.3135  5.6591E-02
  966.9182    6.0000    1.9997    1.9313    3.8848    2.2605    3.6042    0.6344  1.2969E+00     -0.3135  5.6268E-02
  966.9232    6.0000    1.9997    1.9306    3.8858    2.2612    3.6041    0.6347  1.2959E+00     -0.3135  5.5946E-02
  966.9282    6.0000    1.9997    1.9298    3.8868    2.2619    3.6040    0.6350  1.2948E+00     -0.3135  5.5625E-02
  966.9332    6.0000    1.9997    1.9291    3.8878    2.2625    3.6040    0.6353  1.2938E+00     -0.3135  5.5304E-02
  966.9382    6.0000    1.9997    1.9284    3.8888    2.2632    3.6039    0.6357  1.2927E+00     -0.3135  5.4985E-02
  966.9432    6.0000    1.9997    1.9276    3.8898    2.2639    3.6038    0.6360  1.2916E+00     -0.3135  5.4666E-02
  966.9482    6.0000    1.9997    1.9269    3.8908    2.2646    3.6037    0.6363  1.2906E+00     -0.3135  5.4348E-02
  966.9532    6.0000    1.9997    1.9262    3.8918    2.2653    3.6036    0.6367  1.2895E+00     -0.3135  5.4030E-02
  966.9582    6.0000    1.9997    1.9254    3.8929    2.2660    3.6035    0.6370  1.2884E+00     -0.3135  5.3714E-02
  966.9632    6.0000    1.9997    1.9247    3.8939    2.2667    3.6034    0.6373  1.2873E+00     -0.3135  5.3398E-02
  966.9681    6.0000    1.9997    1.9239    3.8949    2.2674    3.6033    0.6377  1.2863E+00     -0.3135  5.3083E-02
  966.9731    6.0000    1.9997    1.9232    3.8959    2.2681    3.6032    0.6380  1.2852E+00     -0.3135  5.2769E-02
  966.9781    6.0000    1.9997    1.9224    3.8969    2.2688    3.6031    0.6383  1.2841E+00     -0.3135  5.2456E-02
  966.9832    6.0000    1.9997    1.9216    3.8979    2.2695    3.6030    0.6387  1.2830E+00     -0.3135  5.2143E-02
  966.9882    6.0000    1.9997    1.9209    3.8990    2.2702    3.6029    0.6390  1.2819E+00     -0.3135  5.1831E-02
  966.9932    6.0000    1.9997    1.9201    3.9000    2.2710    3.6028    0.6393  1.2808E+00     -0.3135  5.1520E-02
  966.9982    6.0000    1.9997    1.9193    3.9010    2.2717    3.6027    0.6397  1.2797E+00     -0.3135  5.1210E-02
  967.0032    6.0000    1.9997    1.9186    3.9020    2.2724    3.6026    0.6400  1.2785E+00     -0.3135  5.0901E-02
  967.0082    6.0000    1.9997    1.9178    3.9031    2.2731    3.6025    0.6403  1.2774E+00     -0.3135  5.0593E-02
  967.0132    6.0000    1.9997    1.9170    3.9041    2.2738    3.6024    0.6407  1.2763E+00     -0.3135  5.0285E-02
  967.0182    6.0000    1.9997    1.9162    3.9051    2.2745    3.6023    0.6410  1.2752E+00     -0.3135  4.9978E-02
  967.0232    6.0000    1.9997    1.9154    3.9061    2.2752    3.6022    0.6414  1.2741E+00     -0.3135  4.9672E-02
  967.0281    6.0000    1.9997    1.9146    3.9072    2.2759    3.6021    0.6417  1.2729E+00     -0.3135  4.9367E-02
  967.0331    6.0000    1.9997    1.9138    3.9082    2.2767    3.6020    0.6421  1.2718E+00     -0.3135  4.9063E-02
  967.0381    6.0000    1.9997    1.9130    3.9093    2.2774    3.6019    0.6424  1.2706E+00     -0.3135  4.8760E-02
  967.0432    6.0000    1.9997    1.9122    3.9103    2.2781    3.6018    0.6427  1.2695E+00     -0.3135  4.8457E-02
  967.0482    6.0000    1.9997    1.9114    3.9113    2.2788    3.6017    0.6431  1.2683E+00     -0.3135  4.8155E-02
  967.0532    6.0000    1.9997    1.9106    3.9124    2.2796    3.6016    0.6434  1.2672E+00     -0.3135  4.7854E-02
  967.0582    6.0000    1.9997    1.9098    3.9134    2.2803    3.6015    0.6438  1.2660E+00     -0.3135  4.7554E-02
  967.0632    6.0000    1.9997    1.9090    3.9145    2.2810    3.6014    0.6441  1.2648E+00     -0.3135  4.7255E-02
  967.0682    6.0000    1.9997    1.9082    3.9155    2.2817    3.6013    0.6445  1.2637E+00     -0.3135  4.6957E-02
  967.0732    6.0000    1.9997    1.9073    3.9166    2.2825    3.6012    0.6448  1.2625E+00     -0.3135  4.6659E-02
  967.0782    6.0000    1.9997    1.9065    3.9176    2.2832    3.6011    0.6452  1.2613E+00     -0.3135  4.6362E-02
  967.0832    6.0000    1.9997    1.9057    3.9187    2.2839    3.6010    0.6455  1.2601E+00     -0.3135  4.6067E-02
  967.0882    6.0000    1.9997    1.9048    3.9197    2.2847    3.6009    0.6459  1.2590E+00     -0.3135  4.5772E-02
  967.0931    6.0000    1.9997    1.9040    3.9208    2.2854    3.6008    0.6462  1.2578E+00     -0.3135  4.5478E-02
  967.0981    6.0000    1.9997    1.9031    3.9218    2.2861    3.6007    0.6466  1.2566E+00     -0.3135  4.5184E-02
  967.1031    6.0000    1.9997    1.9023    3.9229    2.2869    3.6006    0.6469  1.2554E+00     -0.3135  4.4892E-02
  967.1082    6.0000    1.9997    1.9014    3.9240    2.2876    3.6005    0.6473  1.2541E+00     -0.3135  4.4601E-02
  967.1132    6.0000    1.9997    1.9006    3.9250    2.2884    3.6003    0.6477  1.2529E+00     -0.3135  4.4310E-02
  967.1182    6.0000    1.9997    1.8997    3.9261    2.2891    3.6002    0.6480  1.2517E+00     -0.3135  4.4020E-02
  967.1232    6.0000    1.9997    1.8989    3.9271    2.2898    3.6001    0.6484  1.2505E+00     -0.3135  4.3731E-02
  967.1282    6.0000    1.9997    1.8980    3.9282    2.2906    3.6000    0.6487  1.2493E+00     -0.3135  4.3443E-02
  967.1332    6.0000    1.9997    1.8971    3.9293    2.2913    3.5999    0.6491  1.2480E+00     -0.3135  4.3156E-02
  967.1382    6.0000    1.9997    1.8963    3.9304    2.2921    3.5998    0.6495  1.2468E+00     -0.3135  4.2870E-02
  967.1432    6.0000    1.9997    1.8954    3.9314    2.2928    3.5997    0.6498  1.2456E+00     -0.3135  4.2585E-02
  967.1482    6.0000    1.9997    1.8945    3.9325    2.2936    3.5996    0.6502  1.2443E+00     -0.3135  4.2300E-02
  967.1531    6.0000    1.9997    1.8936    3.9336    2.2943    3.5995    0.6505  1.2431E+00     -0.3135  4.2017E-02
  967.1581    6.0000    1.9997    1.8927    3.9347    2.2951    3.5994    0.6509  1.2418E+00     -0.3135  4.1734E-02
  967.1631    6.0000    1.9997    1.8918    3.9357    2.2958    3.5993    0.6513  1.2405E+00     -0.3135  4.1453E-02
  967.1682    6.0000    1.9997    1.8909    3.9368    2.2966    3.5992    0.6516  1.2393E+00     -0.3135  4.1172E-02
  967.1732    6.0000    1.9997    1.8900    3.9379    2.2974    3.5991    0.6520  1.2380E+00     -0.3135  4.0892E-02
  967.1782    6.0000    1.9997    1.8891    3.9390    2.2981    3.5990    0.6524  1.2367E+00     -0.3135  4.0613E-02
  967.1832    6.0000    1.9997    1.8882    3.9401    2.2989    3.5988    0.6527  1.2354E+00     -0.3135  4.0335E-02
  967.1882    6.0000    1.9997    1.8873    3.9412    2.2996    3.5987    0.6531  1.2342E+00     -0.3135  4.0057E-02
  967.1932    6.0000    1.9997    1.8863    3.9423    2.3004    3.5986    0.6535  1.2329E+00     -0.3135  3.9781E-02
  967.1982    6.0000    1.9997    1.8854    3.9433    2.3012    3.5985    0.6539  1.2316E+00     -0.3135  3.9506E-02
  967.2032    6.0000    1.9997    1.8845    3.9444    2.3019    3.5984    0.6542  1.2303E+00     -0.3135  3.9231E-02
  967.2082    6.0000    1.9997    1.8835    3.9455    2.3027    3.5983    0.6546  1.2289E+00     -0.3135  3.8958E-02
  967.2132    6.0000    1.9997    1.8826    3.9466    2.3035    3.5982    0.6550  1.2276E+00     -0.3135  3.8685E-02
  967.2181    6.0000    1.9997    1.8817    3.9477    2.3043    3.5981    0.6554  1.2263E+00     -0.3135  3.8413E-02
  967.2231    6.0000    1.9997    1.8807    3.9488    2.3050    3.5980    0.6557  1.2250E+00     -0.3135  3.8143E-02
  967.2281    6.0000    1.9997    1.8798    3.9499    2.3058    3.5979    0.6561  1.2237E+00     -0.3135  3.7873E-02
  967.2332    6.0000    1.9997    1.8788    3.9511    2.3066    3.5977    0.6565  1.2223E+00     -0.3135  3.7604E-02
  967.2382    6.0000    1.9997    1.8778    3.9522    2.3074    3.5976    0.6569  1.2210E+00     -0.3135  3.7336E-02
  967.2432    6.0000    1.9997    1.8769    3.9533    2.3081    3.5975    0.6572  1.2196E+00     -0.3135  3.7069E-02
  967.2482    6.0000    1.9997    1.8759    3.9544    2.3089    3.5974    0.6576  1.2183E+00     -0.3135  3.6803E-02
  967.2532    6.0000    1.9997    1.8749    3.9555    2.3097    3.5973    0.6580  1.2169E+00     -0.3135  3.6537E-02
  967.2582    6.0000    1.9997    1.8739    3.9566    2.3105    3.5972    0.6584  1.2155E+00     -0.3135  3.6273E-02
  967.2632    6.0000    1.9997    1.8729    3.9577    2.3113    3.5971    0.6588  1.2142E+00     -0.3135  3.6010E-02
  967.2682    6.0000    1.9997    1.8720    3.9588    2.3121    3.5969    0.6592  1.2128E+00     -0.3135  3.5747E-02
  967.2732    6.0000    1.9997    1.8710    3.9600    2.3129    3.5968    0.6595  1.2114E+00     -0.3135  3.5486E-02
  967.2781    6.0000    1.9997    1.8700    3.9611    2.3137    3.5967    0.6599  1.2100E+00     -0.3135  3.5226E-02
  967.2831    6.0000    1.9997    1.8690    3.9622    2.3144    3.5966    0.6603  1.2086E+00     -0.3135  3.4966E-02
  967.2881    6.0000    1.9997    1.8679    3.9633    2.3152    3.5965    0.6607  1.2072E+00     -0.3135  3.4708E-02
  967.2932    6.0000    1.9997    1.8669    3.9645    2.3160    3.5964    0.6611  1.2058E+00     -0.3135  3.4450E-02
  967.2982    6.0000    1.9997    1.8659    3.9656    2.3168    3.5963    0.6615  1.2044E+00     -0.3135  3.4193E-02
  967.3032    6.0000    1.9997    1.8649    3.9667    2.3176    3.5961    0.6619  1.2030E+00     -0.3135  3.3938E-02
  967.3082    6.0000    1.9997    1.8638    3.9679    2.3184    3.5960    0.6623  1.2016E+00     -0.3135  3.3683E-02
  967.3132    6.0000    1.9997    1.8628    3.9690    2.3192    3.5959    0.6627  1.2001E+00     -0.3135  3.3429E-02
  967.3182    6.0000    1.9997    1.8618    3.9701    2.3200    3.5958    0.6631  1.1987E+00     -0.3135  3.3176E-02
  967.3232    6.0000    1.9997    1.8607    3.9713    2.3209    3.5957    0.6635  1.1973E+00     -0.3135  3.2925E-02
  967.3282    6.0000    1.9997    1.8597    3.9724    2.3217    3.5955    0.6639  1.1958E+00     -0.3135  3.2674E-02
  967.3332    6.0000    1.9997    1.8586    3.9736    2.3225    3.5954    0.6643  1.1943E+00     -0.3135  3.2424E-02
  967.3382    6.0000    1.9997    1.8575    3.9747    2.3233    3.5953    0.6647  1.1929E+00     -0.3135  3.2175E-02
  967.3431    6.0000    1.9997    1.8565    3.9759    2.3241    3.5952    0.6651  1.1914E+00     -0.3135  3.1927E-02
  967.3481    6.0000    1.9997    1.8554    3.9770    2.3249    3.5951    0.6655  1.1899E+00     -0.3135  3.1680E-02
  967.3531    6.0000    1.9997    1.8543    3.9782    2.3257    3.5949    0.6659  1.1884E+00     -0.3135  3.1434E-02
  967.3582    6.0000    1.9997    1.8532    3.9793    2.3266    3.5948    0.6663  1.1870E+00     -0.3135  3.1189E-02
  967.3632    6.0000    1.9997    1.8521    3.9805    2.3274    3.5947    0.6667  1.1855E+00     -0.3135  3.0945E-02
  967.3682    6.0000    1.9997    1.8510    3.9816    2.3282    3.5946    0.6671  1.1840E+00     -0.3135  3.0702E-02
  967.3732    6.0000    1.9997    1.8499    3.9828    2.3290    3.5945    0.6675  1.1825E+00     -0.3135  3.0460E-02
  967.3782    6.0000    1.9997    1.8488    3.9840    2.3298    3.5943    0.6679  1.1809E+00     -0.3135  3.0219E-02
  967.3832    6.0000    1.9997    1.8477    3.9851    2.3307    3.5942    0.6683  1.1794E+00     -0.3135  2.9979E-02
  967.3882    6.0000    1.9997    1.8466    3.9863    2.3315    3.5941    0.6687  1.1779E+00     -0.3135  2.9740E-02
  967.3932    6.0000    1.9997    1.8455    3.9875    2.3323    3.5940    0.6691  1.1763E+00     -0.3135  2.9502E-02
  967.3982    6.0000    1.9997    1.8443    3.9886    2.3332    3.5938    0.6695  1.1748E+00     -0.3135  2.9265E-02
  967.4031    6.0000    1.9997    1.8432    3.9898    2.3340    3.5937    0.6700  1.1732E+00     -0.3135  2.9029E-02
  967.4081    6.0000    1.9997    1.8421    3.9910    2.3348    3.5936    0.6704  1.1717E+00     -0.3135  2.8794E-02
  967.4131    6.0000    1.9997    1.8409    3.9922    2.3357    3.5935    0.6708  1.1701E+00     -0.3135  2.8560E-02
  967.4182    6.0000    1.9997    1.8398    3.9933    2.3365    3.5933    0.6712  1.1686E+00     -0.3135  2.8327E-02
  967.4232    6.0000    1.9997    1.8386    3.9945    2.3374    3.5932    0.6716  1.1670E+00     -0.3135  2.8095E-02
  967.4282    6.0000    1.9997    1.8374    3.9957    2.3382    3.5931    0.6720  1.1654E+00     -0.3135  2.7864E-02
  967.4332    6.0000    1.9997    1.8362    3.9969    2.3391    3.5930    0.6725  1.1638E+00     -0.3135  2.7634E-02
  967.4382    6.0000    1.9997    1.8351    3.9981    2.3399    3.5928    0.6729  1.1622E+00     -0.3135  2.7405E-02
  967.4432    6.0000    1.9997    1.8339    3.9993    2.3408    3.5927    0.6733  1.1606E+00     -0.3135  2.7177E-02
  967.4482    6.0000    1.9997    1.8327    4.0005    2.3416    3.5926    0.6737  1.1590E+00     -0.3135  2.6950E-02
  967.4532    6.0000    1.9997    1.8315    4.0017    2.3425    3.5925    0.6742  1.1573E+00     -0.3135  2.6724E-02
  967.4582    6.0000    1.9997    1.8303    4.0029    2.3433    3.5923    0.6746  1.1557E+00     -0.3135  2.6499E-02
  967.4632    6.0000    1.9997    1.8291    4.0041    2.3442    3.5922    0.6750  1.1541E+00     -0.3135  2.6275E-02
  967.4681    6.0000    1.9997    1.8279    4.0053    2.3450    3.5921    0.6754  1.1524E+00     -0.3135  2.6052E-02
  967.4731    6.0000    1.9997    1.8266    4.0065    2.3459    3.5919    0.6759  1.1508E+00     -0.3135  2.5831E-02
  967.4781    6.0000    1.9997    1.8254    4.0077    2.3468    3.5918    0.6763  1.1491E+00     -0.3135  2.5610E-02
  967.4832    6.0000    1.9997    1.8242    4.0089    2.3476    3.5917    0.6767  1.1474E+00     -0.3135  2.5390E-02
  967.4882    6.0000    1.9997    1.8229    4.0101    2.3485    3.5915    0.6772  1.1457E+00     -0.3135  2.5171E-02
  967.4932    6.0000    1.9997    1.8217    4.0113    2.3494    3.5914    0.6776  1.1441E+00     -0.3135  2.4954E-02
  967.4982    6.0000    1.9997    1.8204    4.0125    2.3503    3.5913    0.6780  1.1424E+00     -0.3135  2.4737E-02
  967.5032    6.0000    1.9997    1.8191    4.0137    2.3511    3.5911    0.6785  1.1407E+00     -0.3135  2.4521E-02
  967.5082    6.0000    1.9997    1.8179    4.0150    2.3520    3.5910    0.6789  1.1389E+00     -0.3135  2.4307E-02
  967.5132    6.0000    1.9997    1.8166    4.0162    2.3529    3.5908    0.6794  1.1372E+00     -0.3135  2.4086E-02
  967.5182    6.0000    1.9997    1.8153    4.0174    2.3540    3.5906    0.6798  1.1355E+00     -0.3135  2.3853E-02
  967.5232    6.0000    1.9997    1.8140    4.0186    2.3551    3.5904    0.6802  1.1338E+00     -0.3135  2.3621E-02
  967.5281    6.0000    1.9997    1.8127    4.0199    2.3562    3.5902    0.6807  1.1320E+00     -0.3135  2.3391E-02
  967.5331    6.0000    1.9997    1.8114    4.0211    2.3572    3.5899    0.6811  1.1303E+00     -0.3135  2.3161E-02
  967.5381    6.0000    1.9997    1.8101    4.0223    2.3583    3.5897    0.6816  1.1285E+00     -0.3135  2.2932E-02
  967.5432    6.0000    1.9997    1.8087    4.0236    2.3594    3.5894    0.6820  1.1267E+00     -0.3135  2.2705E-02
  967.5482    6.0000    1.9997    1.8074    4.0248    2.3605    3.5892    0.6825  1.1249E+00     -0.3135  2.2478E-02
  967.5532    6.0000    1.9997    1.8061    4.0260    2.3616    3.5890    0.6829  1.1231E+00     -0.3135  2.2253E-02
  967.5582    6.0000    1.9997    1.8047    4.0273    2.3627    3.5887    0.6834  1.1213E+00     -0.3135  2.2029E-02
  967.5632    6.0000    1.9997    1.8033    4.0285    2.3638    3.5885    0.6838  1.1195E+00     -0.3135  2.1806E-02
  967.5682    6.0000    1.9997    1.8020    4.0298    2.3650    3.5882    0.6843  1.1177E+00     -0.3135  2.1584E-02
  967.5732    6.0000    1.9997    1.8006    4.0310    2.3661    3.5880    0.6847  1.1159E+00     -0.3135  2.1363E-02
  967.5782    6.0000    1.9997    1.7992    4.0323    2.3672    3.5877    0.6852  1.1140E+00     -0.3135  2.1143E-02
  967.5832    6.0000    1.9997    1.7978    4.0335    2.3683    3.5875    0.6856  1.1122E+00     -0.3135  2.0924E-02
  967.5882    6.0000    1.9997    1.7964    4.0348    2.3695    3.5872    0.6861  1.1103E+00     -0.3135  2.0707E-02
  967.5931    6.0000    1.9997    1.7950    4.0361    2.3706    3.5870    0.6866  1.1084E+00     -0.3135  2.0490E-02
  967.5981    6.0000    1.9997    1.7936    4.0373    2.3718    3.5867    0.6870  1.1066E+00     -0.3135  2.0275E-02
  967.6031    6.0000    1.9997    1.7921    4.0386    2.3729    3.5864    0.6875  1.1047E+00     -0.3135  2.0061E-02
  967.6082    6.0000    1.9997    1.7907    4.0399    2.3741    3.5862    0.6879  1.1028E+00     -0.3135  1.9847E-02
  967.6132    6.0000    1.9997    1.7893    4.0411    2.3753    3.5859    0.6884  1.1008E+00     -0.3135  1.9635E-02
  967.6182    6.0000    1.9997    1.7878    4.0424    2.3765    3.5856    0.6889  1.0989E+00     -0.3135  1.9424E-02
  967.6232    6.0000    1.9997    1.7863    4.0437    2.3776    3.5854    0.6893  1.0970E+00     -0.3135  1.9215E-02
  967.6282    6.0000    1.9997    1.7849    4.0449    2.3788    3.5851    0.6898  1.0950E+00     -0.3135  1.9006E-02
  967.6332    6.0000    1.9997    1.7834    4.0462    2.3800    3.5848    0.6903  1.0931E+00     -0.3135  1.8798E-02
  967.6382    6.0000    1.9997    1.7819    4.0475    2.3812    3.5845    0.6908  1.0911E+00     -0.3135  1.8592E-02
  967.6432    6.0000    1.9997    1.7804    4.0488    2.3824    3.5843    0.6912  1.0891E+00     -0.3135  1.8387E-02
  967.6482    6.0000    1.9997    1.7789    4.0501    2.3836    3.5840    0.6917  1.0871E+00     -0.3135  1.8183E-02
  967.6531    6.0000    1.9997    1.7773    4.0514    2.3849    3.5837    0.6922  1.0851E+00     -0.3135  1.7980E-02
  967.6581    6.0000    1.9997    1.7758    4.0527    2.3861    3.5834    0.6927  1.0831E+00     -0.3135  1.7778E-02
  967.6631    6.0000    1.9997    1.7742    4.0540    2.3873    3.5831    0.6931  1.0811E+00     -0.3135  1.7577E-02
  967.6682    6.0000    1.9997    1.7727    4.0553    2.3885    3.5828    0.6936  1.0791E+00     -0.3135  1.7378E-02
  967.6732    6.0000    1.9997    1.7711    4.0566    2.3898    3.5825    0.6941  1.0770E+00     -0.3135  1.7179E-02
  967.6782    6.0000    1.9997    1.7695    4.0579    2.3910    3.5822    0.6946  1.0749E+00     -0.3135  1.6982E-02
  967.6832    6.0000    1.9997    1.7680    4.0592    2.3923    3.5819    0.6951  1.0729E+00     -0.3135  1.6786E-02
  967.6882    6.0000    1.9997    1.7664    4.0605    2.3936    3.5816    0.6956  1.0708E+00     -0.3135  1.6591E-02
  967.6932    6.0000    1.9997    1.7647    4.0618    2.3948    3.5813    0.6961  1.0687E+00     -0.3135  1.6397E-02
  967.6982    6.0000    1.9997    1.7631    4.0631    2.3961    3.5810    0.6965  1.0666E+00     -0.3135  1.6204E-02
  967.7032    6.0000    1.9997    1.7615    4.0644    2.3974    3.5807    0.6970  1.0645E+00     -0.3135  1.6013E-02
  967.7082    6.0000    1.9997    1.7598    4.0657    2.3987    3.5803    0.6975  1.0623E+00     -0.3135  1.5822E-02
  967.7132    6.0000    1.9997    1.7582    4.0671    2.4000    3.5800    0.6980  1.0602E+00     -0.3135  1.5633E-02
  967.7181    6.0000    1.9997    1.7565    4.0684    2.4013    3.5797    0.6985  1.0580E+00     -0.3135  1.5445E-02
  967.7231    6.0000    1.9997    1.7548    4.0697    2.4027    3.5794    0.6990  1.0558E+00     -0.3135  1.5258E-02
  967.7281    6.0000    1.9997    1.7532    4.0710    2.4040    3.5790    0.6995  1.0536E+00     -0.3135  1.5073E-02
  967.7332    6.0000    1.9997    1.7514    4.0724    2.4053    3.5787    0.7000  1.0514E+00     -0.3135  1.4888E-02
  967.7382    6.0000    1.9997    1.7497    4.0737    2.4067    3.5784    0.7005  1.0492E+00     -0.3135  1.4705E-02
  967.7432    6.0000    1.9997    1.7480    4.0750    2.4080    3.5780    0.7010  1.0470E+00     -0.3135  1.4522E-02
  967.7482    6.0000    1.9997    1.7463    4.0764    2.4094    3.5777    0.7015  1.0447E+00     -0.3135  1.4341E-02
  967.7532    6.0000    1.9997    1.7445    4.0777    2.4107    3.5773    0.7020  1.0425E+00     -0.3135  1.4161E-02
  967.7582    6.0000    1.9997    1.7427    4.0791    2.4121    3.5770    0.7025  1.0402E+00     -0.3135  1.3983E-02
  967.7632    6.0000    1.9997    1.7410    4.0804    2.4135    3.5766    0.7030  1.0379E+00     -0.3135  1.3805E-02
  967.7682    6.0000    1.9997    1.7392    4.0818    2.4149    3.5763    0.7036  1.0356E+00     -0.3135  1.3629E-02
  967.7732    6.0000    1.9997    1.7374    4.0831    2.4163    3.5759    0.7041  1.0333E+00     -0.3135  1.3454E-02
  967.7781    6.0000    1.9997    1.7356    4.0845    2.4177    3.5755    0.7046  1.0310E+00     -0.3135  1.3280E-02
  967.7831    6.0000    1.9997    1.7337    4.0858    2.4191    3.5752    0.7051  1.0286E+00     -0.3135  1.3107E-02
  967.7881    6.0000    1.9997    1.7319    4.0872    2.4206    3.5748    0.7056  1.0263E+00     -0.3135  1.2935E-02
  967.7932    6.0000    1.9997    1.7300    4.0886    2.4220    3.5744    0.7061  1.0239E+00     -0.3135  1.2764E-02
  967.7982    6.0000    1.9997    1.7281    4.0899    2.4234    3.5740    0.7067  1.0215E+00     -0.3135  1.2595E-02
  967.8032    6.0000    1.9997    1.7263    4.0913    2.4249    3.5736    0.7072  1.0191E+00     -0.3135  1.2427E-02
  967.8082    6.0000    1.9997    1.7244    4.0927    2.4264    3.5733    0.7077  1.0167E+00     -0.3135  1.2260E-02
  967.8132    6.0000    1.9997    1.7224    4.0941    2.4279    3.5729    0.7082  1.0142E+00     -0.3135  1.2094E-02
  967.8182    6.0000    1.9997    1.7205    4.0954    2.4293    3.5725    0.7088  1.0118E+00     -0.3135  1.1930E-02
  967.8232    6.0000    1.9997    1.7186    4.0968    2.4308    3.5721    0.7093  1.0093E+00     -0.3135  1.1766E-02
  967.8282    6.0000    1.9997    1.7166    4.0982    2.4323    3.5716    0.7098  1.0068E+00     -0.3135  1.1604E-02
  967.8332    6.0000    1.9997    1.7146    4.0996    2.4339    3.5712    0.7104  1.0043E+00     -0.3135  1.1443E-02
  967.8382    6.0000    1.9997    1.7126    4.1010    2.4354    3.5708    0.7109  1.0017E+00     -0.3135  1.1283E-02
  967.8431    6.0000    1.9997    1.7106    4.1024    2.4369    3.5704    0.7114  9.9921E-01     -0.3135  1.1124E-02
  967.8481    6.0000    1.9997    1.7086    4.1038    2.4385    3.5700    0.7120  9.9664E-01     -0.3135  1.0967E-02
  967.8531    6.0000    1.9997    1.7066    4.1052    2.4401    3.5695    0.7125  9.9406E-01     -0.3135  1.0810E-02
  967.8582    6.0000    1.9997    1.7045    4.1066    2.4416    3.5691    0.7130  9.9147E-01     -0.3135  1.0655E-02
  967.8632    6.0000    1.9997    1.7024    4.1080    2.4432    3.5687    0.7136  9.8885E-01     -0.3135  1.0501E-02
  967.8682    6.0000    1.9997    1.7003    4.1094    2.4448    3.5682    0.7141  9.8622E-01     -0.3135  1.0348E-02
  967.8732    6.0000    1.9997    1.6982    4.1108    2.4464    3.5678    0.7147  9.8356E-01     -0.3135  1.0197E-02
  967.8782    6.0000    1.9997    1.6961    4.1122    2.4480    3.5673    0.7152  9.8089E-01     -0.3135  1.0046E-02
  967.8832    6.0000    1.9997    1.6940    4.1136    2.4497    3.5668    0.7158  9.7820E-01     -0.3135  9.8970E-03
  967.8882    6.0000    1.9997    1.6918    4.1151    2.4513    3.5664    0.7163  9.7549E-01     -0.3135  9.7489E-03
  967.8932    6.0000    1.9997    1.6896    4.1165    2.4530    3.5659    0.7169  9.7275E-01     -0.3135  9.6020E-03
  967.8982    6.0000    1.9997    1.6874    4.1179    2.4547    3.5654    0.7174  9.7000E-01     -0.3135  9.4563E-03
  967.9031    6.0000    1.9997    1.6852    4.1194    2.4563    3.5649    0.7180  9.6723E-01     -0.3135  9.3118E-03
  967.9081    6.0000    1.9997    1.6830    4.1208    2.4580    3.5644    0.7186  9.6444E-01     -0.3135  9.1684E-03
  967.9131    6.0000    1.9997    1.6807    4.1222    2.4597    3.5640    0.7191  9.6162E-01     -0.3135  9.0262E-03
  967.9182    6.0000    1.9997    1.6785    4.1237    2.4615    3.5635    0.7197  9.5879E-01     -0.3135  8.8852E-03
  967.9232    6.0000    1.9997    1.6762    4.1251    2.4632    3.5629    0.7202  9.5593E-01     -0.3135  8.7454E-03
  967.9282    6.0000    1.9997    1.6739    4.1266    2.4650    3.5624    0.7208  9.5305E-01     -0.3135  8.6068E-03
  967.9332    6.0000    1.9997    1.6715    4.1280    2.4667    3.5619    0.7214  9.5015E-01     -0.3135  8.4693E-03
  967.9382    6.0000    1.9997    1.6692    4.1295    2.4685    3.5614    0.7220  9.4723E-01     -0.3135  8.3330E-03
  967.9432    6.0000    1.9997    1.6668    4.1309    2.4703    3.5608    0.7225  9.4428E-01     -0.3135  8.1979E-03
  967.9482    6.0000    1.9997    1.6644    4.1324    2.4721    3.5603    0.7231  9.4131E-01     -0.3135  8.0640E-03
  967.9532    6.0000    1.9997    1.6620    4.1338    2.4740    3.5598    0.7237  9.3832E-01     -0.3135  7.9312E-03
  967.9582    6.0000    1.9997    1.6596    4.1353    2.4758    3.5592    0.7243  9.3530E-01     -0.3135  7.7996E-03
  967.9632    6.0000    1.9997    1.6571    4.1368    2.4777    3.5586    0.7248  9.3226E-01     -0.3135  7.6692E-03
  967.9681    6.0000    1.9997    1.6546    4.1383    2.4795    3.5581    0.7254  9.2919E-01     -0.3135  7.5399E-03
  967.9731    6.0000    1.9997    1.6521    4.1397    2.4814    3.5575    0.7260  9.2610E-01     -0.3135  7.4119E-03
  967.9781    6.0000    1.9997    1.6496    4.1412    2.4833    3.5569    0.7266  9.2299E-01     -0.3135  7.2849E-03
  967.9832    6.0000    1.9997    1.6470    4.1427    2.4853    3.5563    0.7272  9.1984E-01     -0.3135  7.1592E-03
  967.9882    6.0000    1.9997    1.6444    4.1442    2.4872    3.5557    0.7278  9.1668E-01     -0.3135  7.0346E-03
  967.9932    6.0000    1.9997    1.6418    4.1457    2.4892    3.5551    0.7284  9.1348E-01     -0.3135  6.9112E-03
  967.9982    6.0000    1.9997    1.6392    4.1472    2.4911    3.5545    0.7289  9.1026E-01     -0.3135  6.7890E-03
  968.0032    6.0000    1.9997    1.6366    4.1487    2.4931    3.5539    0.7295  9.0701E-01     -0.3135  6.6679E-03
  968.0082    6.0000    1.9997    1.6339    4.1502    2.4952    3.5532    0.7301  9.0373E-01     -0.3135  6.5480E-03
  968.0132    6.0000    1.9997    1.6312    4.1517    2.4972    3.5526    0.7307  9.0043E-01     -0.3135  6.4292E-03
  968.0182    6.0000    1.9997    1.6284    4.1532    2.4992    3.5519    0.7313  8.9710E-01     -0.3135  6.3116E-03
  968.0232    6.0000    1.9997    1.6257    4.1547    2.5013    3.5513    0.7320  8.9373E-01     -0.3135  6.1952E-03
  968.0281    6.0000    1.9997    1.6229    4.1562    2.5034    3.5506    0.7326  8.9034E-01     -0.3135  6.0799E-03
  968.0331    6.0000    1.9997    1.6201    4.1577    2.5055    3.5499    0.7332  8.8692E-01     -0.3135  5.9658E-03
  968.0381    6.0000    1.9997    1.6172    4.1592    2.5077    3.5492    0.7338  8.8346E-01     -0.3135  5.8528E-03
  968.0432    6.0000    1.9997    1.6144    4.1608    2.5090    3.5489    0.7344  8.7998E-01     -0.3135  5.7616E-03
  968.0482    6.0000    1.9997    1.6115    4.1623    2.5104    3.5487    0.7350  8.7647E-01     -0.3135  5.6733E-03
  968.0532    6.0000    1.9997    1.6086    4.1638    2.5117    3.5484    0.7356  8.7293E-01     -0.3135  5.5858E-03
  968.0582    6.0000    1.9997    1.6056    4.1654    2.5130    3.5481    0.7362  8.6934E-01     -0.3135  5.4989E-03
  968.0632    6.0000    1.9997    1.6023    4.1669    2.5143    3.5478    0.7369  8.6547E-01     -0.3135  5.4087E-03
  968.0682    6.0000    1.9997    1.5988    4.1685    2.5157    3.5475    0.7375  8.6128E-01     -0.3135  5.3148E-03
  968.0732    6.0000    1.9997    1.5948    4.1700    2.5171    3.5472    0.7381  8.5672E-01     -0.3135  5.2167E-03
  968.0782    6.0000    1.9997    1.5905    4.1715    2.5185    3.5469    0.7387  8.5172E-01     -0.3135  5.1137E-03
  968.0832    6.0000    1.9997    1.5856    4.1731    2.5200    3.5466    0.7394  8.4622E-01     -0.3135  5.0050E-03
  968.0882    6.0000    1.9997    1.5801    4.1747    2.5215    3.5462    0.7400  8.4012E-01     -0.3135  4.8897E-03
  968.0931    6.0000    1.9997    1.5739    4.1762    2.5230    3.5458    0.7406  8.3330E-01     -0.3135  4.7665E-03
  968.0981    6.0000    1.9997    1.5669    4.1778    2.5246    3.5454    0.7413  8.2560E-01     -0.3135  4.6339E-03
  968.1031    6.0000    1.9997    1.5587    4.1794    2.5263    3.5450    0.7419  8.1681E-01     -0.3135  4.4897E-03
  968.1082    6.0000    1.9997    1.5492    4.1809    2.5280    3.5445    0.7426  8.0662E-01     -0.3135  4.3310E-03
  968.1132    6.0000    1.9997    1.5378    4.1825    2.5299    3.5439    0.7432  7.9459E-01     -0.3135  4.1537E-03
  968.1182    6.0000    1.9997    1.5239    4.1841    2.5320    3.5433    0.7439  7.8003E-01     -0.3135  3.9513E-03
  968.1225    6.0000    1.9997    1.5086    4.1855    2.5339    3.5427    0.7444  7.6423E-01     -0.3135  3.7455E-03
  968.1259    6.0000    1.9997    1.4936    4.1865    2.5356    3.5421    0.7449  7.4870E-01     -0.3135  3.5559E-03
  968.1285    6.0000    1.9997    1.4786    4.1874    2.5372    3.5415    0.7452  7.3342E-01     -0.3135  3.3798E-03
  968.1306    6.0000    1.9997    1.4638    4.1880    2.5386    3.5410    0.7455  7.1837E-01     -0.3135  3.2153E-03
  968.1322    6.0000    1.9997    1.4492    4.1885    2.5399    3.5405    0.7457  7.0351E-01     -0.3135  3.0611E-03
  968.1335    6.0000    1.9997    1.4347    4.1890    2.5411    3.5400    0.7459  6.8885E-01     -0.3135  2.9159E-03
  968.1345    6.0000    1.9997    1.4204    4.1893    2.5422    3.5395    0.7460  6.7437E-01     -0.3135  2.7789E-03
  968.1354    6.0000    1.9997    1.4062    4.1896    2.5432    3.5391    0.7461  6.5875E-01     -0.3135  2.6531E-03
  968.1360    6.0000    1.9997    1.3921    4.1898    2.5437    3.5389    0.7462  6.3511E-01     -0.3135  2.5575E-03
  968.1367    6.0000    1.9997    1.3782    4.1900    2.5441    3.5387    0.7463  6.1193E-01     -0.3135  2.4650E-03
  968.1373    6.0000    1.9997    1.3644    4.1902    2.5446    3.5385    0.7464  5.8924E-01     -0.3135  2.3754E-03
  968.1380    6.0000    1.9997    1.3507    4.1904    2.5450    3.5384    0.7464  5.6701E-01     -0.3135  2.2885E-03
  968.1387    6.0000    1.9997    1.3372    4.1906    2.5454    3.5382    0.7465  5.4525E-01     -0.3135  2.2044E-03
  968.1393    6.0000    1.9997    1.3239    4.1908    2.5458    3.5381    0.7466  5.2395E-01     -0.3135  2.1227E-03
  968.1399    6.0000    1.9997    1.3106    4.1910    2.5462    3.5379    0.7467  5.0311E-01     -0.3135  2.0436E-03
  968.1405    6.0000    1.9997    1.2975    4.1912    2.5465    3.5378    0.7468  4.8274E-01     -0.3135  1.9667E-03
  968.1411    6.0000    1.9997    1.2845    4.1914    2.5468    3.5377    0.7469  4.6282E-01     -0.3135  1.8921E-03
  968.1417    6.0000    1.9997    1.2717    4.1916    2.5471    3.5376    0.7469  4.4335E-01     -0.3135  1.8197E-03
  968.1423    6.0000    1.9997    1.2590    4.1918    2.5473    3.5376    0.7470  4.2434E-01     -0.3135  1.7492E-03
  968.1429    6.0000    1.9997    1.2464    4.1920    2.5476    3.5375    0.7471  4.0578E-01     -0.3135  1.6808E-03
  968.1436    6.0000    1.9997    1.2339    4.1922    2.5478    3.5374    0.7472  3.8766E-01     -0.3135  1.6141E-03
  968.1441    6.0000    1.9997    1.2216    4.1924    2.5479    3.5374    0.7473  3.6999E-01     -0.3135  1.5493E-03
  968.1447    6.0000    1.9997    1.2094    4.1925    2.5481    3.5374    0.7473  3.5276E-01     -0.3135  1.4861E-03
  968.1453    6.0000    1.9997    1.1973    4.1927    2.5482    3.5373    0.7474  3.3598E-01     -0.3135  1.4246E-03
  968.1458    6.0000    1.9997    1.1853    4.1929    2.5483    3.5373    0.7475  3.1963E-01     -0.3135  1.3646E-03
  968.1464    6.0000    1.9997    1.1735    4.1931    2.5484    3.5374    0.7476  3.0371E-01     -0.3135  1.3060E-03
  968.1469    6.0000    1.9997    1.1617    4.1933    2.5484    3.5374    0.7476  2.8824E-01     -0.3135  1.2489E-03
  968.1475    6.0000    1.9997    1.1501    4.1934    2.5484    3.5374    0.7477  2.7319E-01     -0.3135  1.1930E-03
  968.1480    6.0000    1.9997    1.1386    4.1936    2.5483    3.5375    0.7478  2.5857E-01     -0.3135  1.1385E-03
  968.1486    6.0000    1.9997    1.1272    4.1938    2.5483    3.5376    0.7478  2.4438E-01     -0.3135  1.0851E-03
  968.1491    6.0000    1.9997    1.1159    4.1940    2.5482    3.5377    0.7479  2.3062E-01     -0.3135  1.0329E-03
  968.1496    6.0000    1.9997    1.1048    4.1941    2.5480    3.5378    0.7480  2.1728E-01     -0.3135  9.8183E-04
  968.1501    6.0000    1.9997    1.0937    4.1943    2.5479    3.5379    0.7480  2.0437E-01     -0.3135  9.3177E-04
  968.1506    6.0000    1.9997    1.0828    4.1945    2.5476    3.5381    0.7481  1.9187E-01     -0.3135  8.8272E-04
  968.1512    6.0000    1.9997    1.0720    4.1946    2.5474    3.5382    0.7482  1.7979E-01     -0.3135  8.3463E-04
  968.1517    6.0000    1.9997    1.0613    4.1948    2.5471    3.5384    0.7483  1.6813E-01     -0.3135  7.8747E-04
  968.1522    6.0000    1.9997    1.0506    4.1949    2.5467    3.5386    0.7483  1.5688E-01     -0.3135  7.4120E-04
  968.1526    6.0000    1.9997    1.0401    4.1951    2.5463    3.5389    0.7484  1.4605E-01     -0.3135  6.9581E-04
  968.1531    6.0000    1.9997    1.0297    4.1953    2.5459    3.5391    0.7484  1.3562E-01     -0.3135  6.5126E-04
  968.1536    6.0000    1.9997    1.0194    4.1954    2.5454    3.5394    0.7485  1.2561E-01     -0.3135  6.0756E-04
  968.1541    6.0000    1.9997    1.0092    4.1956    2.5449    3.5397    0.7486  1.1600E-01     -0.3135  5.6469E-04
  968.1546    6.0000    1.9997    0.9991    4.1957    2.5442    3.5401    0.7486  1.0680E-01     -0.3135  5.2266E-04
  968.1550    6.0000    1.9997    0.9892    4.1959    2.5436    3.5404    0.7487  9.7994E-02     -0.3135  4.8149E-04
  968.1555    6.0000    1.9997    0.9793    4.1960    2.5428    3.5409    0.7488  8.9594E-02     -0.3135  4.4120E-04
  968.1559    6.0000    1.9997    0.9695    4.1962    2.5420    3.5413    0.7488  8.1591E-02     -0.3135  4.0182E-04
  968.1564    6.0000    1.9997    0.9598    4.1963    2.5412    3.5418    0.7489  7.3985E-02     -0.3135  3.6343E-04
  968.1569    6.0000    1.9997    0.9502    4.1965    2.5402    3.5423    0.7489  6.6773E-02     -0.3135  3.2607E-04
  968.1573    6.0000    1.9997    0.9407    4.1966    2.5391    3.5428    0.7490  5.9952E-02     -0.3135  2.8986E-04
  968.1578    6.0000    1.9997    0.9313    4.1967    2.5380    3.5435    0.7491  5.3519E-02     -0.3135  2.5489E-04
  968.1582    6.0000    1.9997    0.9220    4.1969    2.5367    3.5441    0.7491  4.7472E-02     -0.3135  2.2130E-04
  968.1586    6.0000    1.9997    0.9127    4.1970    2.5354    3.5448    0.7492  4.1808E-02     -0.3135  1.8924E-04
  968.1591    6.0000    1.9997    0.9036    4.1972    2.5338    3.5456    0.7492  3.6523E-02     -0.3135  1.5892E-04
  968.1595    6.0000    1.9997    0.8946    4.1973    2.5322    3.5465    0.7493  3.1615E-02     -0.3135  1.3054E-04
  968.1599    6.0000    1.9997    0.8856    4.1974    2.5304    3.5474    0.7493  2.7078E-02     -0.3135  1.0435E-04
  968.1603    6.0000    1.9997    0.8768    4.1975    2.5283    3.5485    0.7494  2.2908E-02     -0.3135  8.0603E-05
  968.1607    6.0000    1.9997    0.8680    4.1977    2.5261    3.5496    0.7495  1.9102E-02     -0.3135  5.9580E-05
  968.1611    6.0000    1.9997    0.8593    4.1978    2.5236    3.5509    0.7495  1.5654E-02     -0.3135  4.1548E-05
  968.1615    6.0000    1.9997    0.8507    4.1979    2.5207    3.5524    0.7496  1.2558E-02     -0.3135  2.6746E-05
  968.1619    6.0000    1.9997    0.8422    4.1980    2.5175    3.5541    0.7496  9.8091E-03     -0.3135  1.5331E-05
  968.1623    6.0000    1.9997    0.8338    4.1981    2.5137    3.5560    0.7497  7.4002E-03     -0.3135  7.3202E-06
  968.1627    6.0000    1.9997    0.8255    4.1982    2.5092    3.5583    0.7497  5.3256E-03     -0.3135  2.5035E-06
  968.1631    6.0000    1.9997    0.8172    4.1983    2.5036    3.5610    0.7498  3.5810E-03     -0.3135  3.4804E-07
  968.1635    6.0000    1.9997    0.8090    4.1984    2.4965    3.5646    0.7498  2.1659E-03     -0.3135  2.8667E-13
  968.1638    6.0000    1.9997    0.8009    4.1984    2.4869    3.5694    0.7499  1.0884E-03     -0.3135  4.3906E-13
  968.1642    6.0000    1.9997    0.7929    4.1983    2.4724    3.5766    0.7499  3.7174E-04     -0.3135  7.8460E-13
  968.1646    6.0000    1.9997    0.7850    4.1979    2.4477    3.5889    0.7500  4.2079E-05     -0.3135  1.7864E-12
  968.1649    6.0000    1.9997    0.7772    4.1969    2.3959    3.6145    0.7500  1.0000E-10     -0.3135  4.0843E-12
  968.1672    6.0000    1.9997    0.7694    4.1934    2.2407    3.6913    0.7503  1.0000E-10     -0.3135  1.1461E-11
  968.1722    6.0000    1.9997    0.7659    4.1879    2.0094    3.8056    0.7510  1.0000E-10     -0.3135  4.0424E-11
  968.1756    6.0000    1.9997    0.7645    4.1823    1.8177    3.9000    0.7515  1.0000E-10     -0.3135  1.0656E-10
  968.1779    6.0000    1.9997    0.7639    4.1782    1.6888    3.9634    0.7518  1.0000E-10     -0.3135  2.0085E-10
  968.1797    6.0000    1.9997    0.7635    4.1746    1.5832    4.0153    0.7520  1.0000E-10     -0.3135  3.3504E-10
  968.1813    6.0000    1.9997    0.7632    4.1708    1.4818    4.0651    0.7522  1.0000E-10     -0.3135  5.4460E-10
  968.1829    6.0000    1.9997    0.7630    4.1667    1.3797    4.1151    0.7524  1.0000E-10     -0.3135  8.8387E-10
  968.1842    6.0000    1.9997    0.7627    4.1622    1.2769    4.1654    0.7526  1.0000E-10     -0.3135  1.4327E-09
  968.1854    6.0000    1.9997    0.7625    4.1573    1.1732    4.2160    0.7528  1.0000E-10     -0.3135  2.3184E-09
  968.1865    6.0000    1.9997    0.7623    4.1527    1.0809    4.2610    0.7529  1.0000E-10     -0.3135  3.5385E-09
  968.1874    6.0000    1.9997    0.7622    4.1477    0.9895    4.3054    0.7531  1.0000E-10     -0.3135  5.3429E-09
  968.1884    6.0000    1.9997    0.7620    4.1425    0.8990    4.3494    0.7532  1.0000E-10     -0.3135  7.9673E-09
  968.1892    6.0000    1.9997    0.7619    4.1371    0.8095    4.3928    0.7533  1.0000E-10     -0.3135  1.1706E-08
  968.1900    6.0000    1.9997    0.7618    4.1313    0.7208    4.4357    0.7534  1.0000E-10     -0.3135  1.6894E-08
  968.1908    6.0000    1.9997    0.7617    4.1251    0.6331    4.4780    0.7535  1.0000E-10     -0.3135  2.3865E-08
  968.1915    6.0000    1.9997    0.7615    4.1186    0.5464    4.5197    0.7536  1.0000E-10     -0.3135  3.2870E-08
  968.1922    6.0000    1.9997    0.7614    4.1118    0.4607    4.5609    0.7537  1.0000E-10     -0.3135  4.3977E-08
  968.1929    6.0000    1.9997    0.7613    4.1045    0.3760    4.6014    0.7538  1.0000E-10     -0.3135  5.6978E-08
  968.1936    6.0000    1.9997    0.7613    4.0969    0.2924    4.6413    0.7539  1.0000E-10     -0.3135  7.1361E-08
  968.1943    6.0000    1.9997    0.7612    4.0887    0.2099    4.6805    0.7540  1.0000E-10     -0.3135  8.6395E-08
  968.1949    6.0000    1.9997    0.7611    4.0801    0.1285    4.7190    0.7541  1.0000E-10     -0.3135  1.0128E-07
  968.1955    6.0000    1.9997    0.7610    4.0710    0.0483    4.7569    0.7542  1.0000E-10     -0.3135  1.1534E-07
  968.1961    6.0000    1.9997    0.7609    4.0612   -0.0308    4.7940    0.7543  1.0000E-10     -0.3135  1.2809E-07
  968.1967    6.0000    1.9997    0.7608    4.0509   -0.1086    4.8303    0.7543  1.0000E-10     -0.3135  1.3933E-07
  968.1973    6.0000    1.9997    0.7608    4.0400   -0.1852    4.8658    0.7544  1.0000E-10     -0.3135  1.4903E-07
  968.1979    6.0000    1.9997    0.7607    4.0283   -0.2605    4.9006    0.7545  1.0000E-10     -0.3135  1.5729E-07
  968.1985    6.0000    1.9997    0.7606    4.0159   -0.3344    4.9344    0.7546  1.0000E-10     -0.3135  1.6430E-07
  968.1991    6.0000    1.9997    0.7606    4.0026   -0.4070    4.9674    0.7547  1.0000E-10     -0.3135  1.7024E-07
  968.1996    6.0000    1.9997    0.7605    3.9885   -0.4782    4.9995    0.7547  1.0000E-10     -0.3135  1.7528E-07
  968.2003    6.0000    1.9997    0.7605    3.9734   -0.5481    5.0306    0.7548  1.0000E-10     -0.3135  1.7959E-07
  968.2009    6.0000    1.9997    0.7604    3.9572   -0.6165    5.0608    0.7549  1.0000E-10     -0.3135  1.8330E-07
  968.2014    6.0000    1.9997    0.7604    3.9399   -0.6834    5.0900    0.7550  1.0000E-10     -0.3135  1.8650E-07
  968.2020    6.0000    1.9997    0.7603    3.9214   -0.7489    5.1181    0.7551  1.0000E-10     -0.3135  1.8930E-07
  968.2026    6.0000    1.9997    0.7603    3.9014   -0.8129    5.1451    0.7552  1.0000E-10     -0.3135  1.9175E-07
  968.2032    6.0000    1.9997    0.7602    3.8800   -0.8755    5.1710    0.7552  1.0000E-10     -0.3135  1.9392E-07
  968.2038    6.0000    1.9997    0.7602    3.8569   -0.9365    5.1958    0.7553  1.0000E-10     -0.3135  1.9584E-07
  968.2045    6.0000    1.9997    0.7602    3.8320   -0.9961    5.2193    0.7554  1.0000E-10     -0.3135  1.9756E-07
  968.2051    6.0000    1.9997    0.7601    3.8050   -1.0542    5.2416    0.7555  1.0000E-10     -0.3135  1.9909E-07
  968.2057    6.0000    1.9997    0.7601    3.7757   -1.1108    5.2626    0.7556  1.0000E-10     -0.3135  2.0048E-07
  968.2064    6.0000    1.9997    0.7601    3.7439   -1.1660    5.2823    0.7557  1.0000E-10     -0.3135  2.0172E-07
  968.2070    6.0000    1.9997    0.7600    3.7092   -1.2199    5.3005    0.7558  1.0000E-10     -0.3135  2.0286E-07
  968.2078    6.0000    1.9997    0.7600    3.6711   -1.2723    5.3172    0.7559  1.0000E-10     -0.3135  2.0906E-07
  968.2084    6.0000    1.9997    0.7600    3.6293   -1.3235    5.3323    0.7560  1.0000E-10     -0.3135  2.6239E-07
  968.2092    6.0000    1.9997    0.7600    3.5830   -1.3734    5.3457    0.7561  1.0000E-10     -0.3135  3.2716E-07
  968.2100    6.0000    1.9997    0.7600    3.5316   -1.4221    5.3572    0.7562  1.0000E-10     -0.3135  4.0537E-07
  968.2108    6.0000    1.9997    0.7599    3.4740   -1.4697    5.3666    0.7563  1.0000E-10     -0.3135  4.9930E-07
  968.2116    6.0000    1.9997    0.7599    3.4091   -1.5163    5.3737    0.7564  1.0000E-10     -0.3135  6.1163E-07
  968.2125    6.0000    1.9997    0.7599    3.3352   -1.5620    5.3781    0.7565  1.0000E-10     -0.3135  7.4551E-07
  968.2134    6.0000    1.9997    0.7599    3.2501   -1.6069    5.3792    0.7567  1.0000E-10     -0.3135  9.0474E-07
  968.2145    6.0000    1.9997    0.7599    3.1509   -1.6511    5.3765    0.7568  1.0000E-10     -0.3135  1.0940E-06
  968.2156    6.0000    1.9997    0.7599    3.0335   -1.6947    5.3690    0.7569  1.0000E-10     -0.3135  1.3190E-06
  968.2168    6.0000    1.9997    0.7599    2.8919   -1.7378    5.3551    0.7571  1.0000E-10     -0.3135  1.5875E-06
  968.2181    6.0000    1.9997    0.7599    2.7171   -1.7806    5.3329    0.7573  1.0000E-10     -0.3135  1.9098E-06
  968.2197    6.0000    1.9997    0.7599    2.4953   -1.8233    5.2987    0.7575  1.0000E-10     -0.3135  2.3012E-06
  968.2216    6.0000    1.9997    0.7599    2.2032   -1.8659    5.2470    0.7578  1.0000E-10     -0.3135  2.7863E-06
  968.2241    6.0000    1.9997    0.7599    1.8003   -1.9086    5.1677    0.7581  1.0000E-10     -0.3135  3.4131E-06
  968.2286    6.0000    1.9997    0.7599    1.2022   -1.9518    5.0397    0.7588  1.0000E-10     -0.3135  4.3558E-06
  968.2336    6.0000    1.9997    0.7599    0.9318   -1.9666    4.9795    0.7595  1.0000E-10     -0.3135  5.0754E-06
  968.2365   11.0000    0.7599    0.7599    0.9170   -1.9675    4.9763    0.7599  1.0000E-10    968.2365  5.3948E-06
  968.3364   11.0000    0.7599    0.7599    0.5618   -1.9675    4.8875    0.7599  1.0000E-10    968.2365  5.3948E-06
  969.3364   11.0000    0.7599    0.7599   -0.3564   -1.9675    4.6579    0.7599  1.0000E-10    968.2365  5.3948E-06
  979.3364   11.0000    0.7599    0.7599   -1.5011   -1.9675    4.3717    0.7599  1.0000E-10    968.2365  5.3948E-06
 1079.3364   11.0000    0.7599    0.7599   -2.6774   -1.9675    4.0777    0.7599  1.0000E-10    968.2365  5.3948E-06
 1579.3364   11.0000    0.7599    0.7599   -3.5507   -1.9675    3.8593    0.7599  1.0000E-10    968.2365  5.3948E-06
 2079.3364   11.0000    0.7599    0.7599   -3.8570   -1.9675    3.7827    0.7599  1.0000E-10    968.2365  5.3948E-06
 2579.3364   11.0000    0.7599    0.7599   -4.0474   -1.9675    3.7351    0.7599  1.0000E-10    968.2365  5.3948E-06
 3079.3364   11.0000    0.7599    0.7599   -4.1859   -1.9675    3.7005    0.7599  1.0000E-10    968.2365  5.3948E-06
 3579.3364   11.0000    0.7599    0.7599   -4.2949   -1.9675    3.6733    0.7599  1.0000E-10    968.2365  5.3948E-06
 4079.3364   11.0000    0.7599    0.7599   -4.3847   -1.9675    3.6508    0.7599  1.0000E-10    968.2365  5.3948E-06
 4579.3364   11.0000    0.7599    0.7599   -4.4610   -1.9675    3.6317    0.7599  1.0000E-10    968.2365  5.3948E-06
 5079.3364   11.0000    0.7599    0.7599   -4.5275   -1.9675    3.6151    0.7599  1.0000E-10    968.2365  5.3948E-06
 5579.3364   11.0000    0.7599    0.7599   -4.5863   -1.9675    3.6004    0.7599  1.0000E-10    968.2365  5.3948E-06
 6079.3364   11.0000    0.7599    0.7599   -4.6391   -1.9675    3.5872    0.7599  1.0000E-10    968.2365  5.3948E-06
 6579.3364   11.0000    0.7599    0.7599   -4.6869   -1.9675    3.5753    0.7599  1.0000E-10    968.2365  5.3948E-06
 7079.3364   11.0000    0.7599    0.7599   -4.7306   -1.9675    3.5643    0.7599  1.0000E-10    968.2365  5.3948E-06
 7579.3364   11.0000    0.7599    0.7599   -4.7709   -1.9675    3.5543    0.7599  1.0000E-10    968.2365  5.3948E-06
 8079.3364   11.0000    0.7599    0.7599   -4.8083   -1.9675    3.5449    0.7599  1.0000E-10    968.2365  5.3948E-06
 8579.3369   11.0000    0.7599    0.7599   -4.8431   -1.9675    3.5362    0.7599  1.0000E-10    968.2365  5.3948E-06
 9079.3369   11.0000    0.7599    0.7599   -4.8757   -1.9675    3.5281    0.7599  1.0000E-10    968.2365  5.3948E-06
 9579.3369   11.0000    0.7599    0.7599   -4.9064   -1.9675    3.5204    0.7599  1.0000E-10    968.2365  5.3948E-06
10079.3369   11.0000    0.7599    0.7599   -4.9635   -1.9675    3.5061    0.7599  1.0000E-10    968.2365  5.3948E-06
10579.3369   11.0000    0.7599    0.7599   -5.1139   -1.9675    3.4685    0.7599  1.0000E-10    968.2365  5.3948E-06
11079.3369   11.0000    0.7599    0.7599   -5.2566   -1.9675    3.4329    0.7599  1.0000E-10    968.2365  5.3948E-06
11579.3369   11.0000    0.7599    0.7599   -5.3924   -1.9675    3.3989    0.7599  1.0000E-10    968.2365  5.3948E-06
12000.0000   11.0000    0.7599    0.7599   -5.5018   -1.9675    3.3715    0.7599  1.0000E-10    968.2365  5.3948E-06
   -1.0000   11.0000    0.7599    0.7599   -5.5018   -1.9675    3.3715    0.7599  1.0000E-10    968.2365  5.3948E-06
